4.080756013745704
4.0214448839813155
4.080808601485415
4.026106119681302
4.02156404975733
4.01053715868218
4.003421872168633
4.025321390134149
4.004721355703566
3.9591169085548183
4.018247071438088
3.9821682696640517
3.9036978291330913
4.066685073767527
4.071434387763411
3.9928632822597083
3.956165684218855
4.073607951682722
3.9384686819189048
3.9744131465219703
3.940077640266764
4.024025550444337
4.0253128621457455
3.9060010566760757
3.9309721294076025
3.8761113219171652
4.03817134598627
4.026805810468848
3.964039899104753
3.9274537283938367
3.9798243850124
4.001078185279401
4.001853490037491
3.883122111927929
4.063623511697889
4.02689115525149
4.019981423454264
3.9867137518543467
4.013790539284447
3.98235189318913
4.0133581457440455
3.90391439332143
3.954321344802253
3.968171090829348
3.9744131465219703
4.012586851386454
3.970252361777754
3.9283063417337063
3.9928129367139147
3.9865129970814532
3.947280946682622
4.074341725762491
3.9722527690783123
3.8065701400617464
3.9202092979111476
3.9219005117048087
4.068470212374145
3.9217467047007295
3.933926597070674
3.897619785138581
3.894176771030604
3.9300208084259647
3.911694525480572
3.9189883234774214
3.891353412716943
3.7846193071358
3.901036854532389
3.883360210273736
3.819970807380988
3.8980595869698123
3.903705849600487
3.8959734089562277
4.025705187015194
3.898779476824834
3.8397801220645893
3.8721852779515733
3.7893065768401573
3.888207884057734
3.8160426432723167
3.905952877762177
3.8763327444027795
3.869756225724917
3.8195561273721452
3.9191499982466964
3.7692055903270285
3.8437728856214575
3.888836582899762
3.83670963781461
3.892876241366522
3.880322679464924
3.875202173376545
3.904171093106261
3.7823666068787314
3.7789211776709517
3.974421460202444
3.849691822038878
3.984314383374924
3.856168957028071
3.8852978285274924
3.7794323292641443
3.840075022939396
3.8517209083574233
3.806051622079106
3.872737760619964
3.8313712679419085
3.815460244912385
3.830166390491511
3.821830294643001
3.8581108658616077
3.836740628256181
3.8289699869210447
3.878128782451263
3.8540335503762755
3.8444961990073105
3.8100279936793644
3.9819930084585913
3.8137983223301903
3.827296277047906
3.7937100287722956
3.842024059159082
3.9452974131307803
3.9526349512785734
3.7838580615096
3.825708762886598
3.859788117946999
3.7933540437154107
3.8212230729471486
3.8089510349320905
3.7987995793329308
3.7999468007447894
3.8232299451467116
3.7686972010480946
3.795073993955845
3.7776063495598096
3.82151513018293
3.7784251921528074
3.801216389244558
3.789034534058435
3.7878108247659035
3.9294193559061243
3.7972128457712038
3.822799174275378
3.8027151386089666
3.781839606210975
3.7680095985086615
3.75817898426312
3.7959610973923748
3.800813374062049
3.7876220511368848
3.7947859640853467
3.815437259150523
3.7987388187121875
3.8052436257162365
3.918438729023463
3.7827431258598274
3.7598299765307455
3.7818697165787216
3.7897147142654837
3.8063718665045285
3.7745744663943674
3.797554374982511
3.769138295635338
3.8188958968978506
3.786723746544615
3.8002280136808206
3.829656862745098
3.78180196892553
3.724197680412876
3.771607339944895
3.791726452879816
3.7783500541894943
3.9097144056513895
3.909416756171735
3.799612439531168
3.780770998700609
3.7787934113753616
3.7814783191925945
3.7722363405336723
3.776352480765447
3.7584986578203474
3.7972052569308987
3.7713827477103736
3.7956501848881183
3.7874936958164143
3.78948040240293
3.749161371798414
3.755014921243503
3.8101120373471193
3.786859597197724
3.753850166058477
3.7914918921939167
3.7617356252202594
3.746566469018853
3.821937923681934
3.796272060836259
3.7731577557257667
3.739458172192208
3.888558020355578
3.7666650146206075
3.7766602397185394
3.8897362144677716
3.7583276628740525
3.794945133082734
3.7490873932003392
3.7355174969673497
3.770881254949282
3.749065200190216
3.7671803250085256
3.7767052818217235
3.7732102075265614
3.7255486360570362
3.7784251921528074
3.7859465663457246
3.7977061854639795
3.794634386976815
3.7815611080372107
3.7449123394861585
3.7671803250085256
3.732310811129358
3.773779778101749
3.7522044200968065
3.8010262770948153
3.7485326467599855
3.741571617619258
3.7543397203214504
3.7541097622660597
3.754198774945663
3.754272955403189
3.7922183679090504
3.7496275041097893
3.7747844399411927
3.7673595964563025
3.785629749471008
3.7740046559299545
3.735811290408206
3.773307621882801
3.7913481435364496
3.768203895529522
3.74892465056076
3.7652542339293
3.785584494245912
3.7969093158169254
3.7835039228961724
3.7759547203408697
3.7997416175700054
3.7654109351497147
3.803126169711503
3.7243290817176606
3.779575175750246
3.7556680938205425
3.7906825024090787
3.7563214936715865
3.7660826595679313
3.7662692922188876
3.745237142502331
3.74761582598439
3.7399292562855417
3.754087509755688
3.7521229116473793
3.874277651127415
3.7710459095068067
3.7362447200962774
3.784363012034274
3.773405041269135
3.771674722831535
3.766306620968813
3.7712779471544717
3.7685402261917513
3.763643206624012
3.7728655509575137
3.7753169776004483
3.765440784480042
3.756596286505713
3.7076064473324744
3.7614154008184046
3.7232708346397443
3.746566469018853
3.7551633496057075
3.750863685717106
3.869874453125637
3.780289570181076
3.7441817386403495
3.78262263163029
3.7537463376277507
3.7555493182689683
3.7507007888315975
3.7572351495280714
3.754443581581095
3.7109592439018195
3.733719019957711
3.735818635836332
3.7855769518135904
3.764381422975803
3.730024735953512
3.740776033832366
3.7820654456566962
3.862534432461553
3.746839836401141
3.766015476341494
3.762346436859906
3.7393845760226725
3.720172537686327
3.76650074239712
3.772288766719677
3.76704588261885
3.752322984163222
3.7369281270712906
3.7493241349914554
3.7575175070651214
3.7686897257583993
3.730881685887253
3.7518858162918733
3.769901109541421
3.748318188812651
3.7329781109951923
3.7464630431139025
3.700536967390479
3.7239568021010956
3.7698263102130545
3.7590042991138644
3.73068389326317
3.8549406136253888
3.736134516573689
3.7678900410700016
3.7308157526822603
3.773405041269135
3.737972091119955
3.75551220244978
3.769504706921009
3.7638295975673777
3.7074906922470516
3.7341079314417787
3.7359288207245736
3.720704348915904
3.7308011011753988
3.7196918528959757
3.7529752204872944
3.7272953763881724
3.746862003072427
3.756715128291822
3.768480429686105
3.7281583878658258
3.7141148091531426
3.724898594536946
3.7241027852368727
3.7380603401634906
3.7525453119846426
3.7431711752178427
3.72879493197893
3.7438423645320196
3.754161685816184
3.7214914170655846
3.760767671649354
3.684384029164808
3.736119823261869
3.7020439179315314
3.726630106463938
3.842816663262066
3.7028303265701465
3.7107490635241183
3.7508192578905395
3.8295796733973213
3.7312553514057014
3.7173775662133424
3.7257531904212846
3.7624507415988435
3.7485252512498373
3.7127503663898387
3.696641892680649
3.7433112937671895
3.685548962517967
3.7301711952253807
3.7131712045527387
3.750234389649353
3.7388253397903504
3.7221986047632387
3.692561238212956
3.7451707009382638
3.6804729601462887
3.706210633703499
3.695333377418012
3.7122135734158617
3.816701887459523
3.718687185991118
3.6805727746094714
3.713345372389909
3.7025200520691244
3.7244239884268424
3.6834554689620407
3.816954913726774
3.71535674268808
3.721513284823081
3.8204239866325373
3.68888345263959
3.723037371457236

3.737832371989078
3.6960522271632605
3.698584804656323
3.6826558538722156
3.702714869518277
3.678691470082558
3.7248328726303197
3.800152006080243
3.7990122568132287
3.807073542642229
3.6845983787767134
3.675098115448371
3.806257487309136
3.7276610104315653
3.683998262703977
3.72524184662199
3.8013989148006466
3.715443927106901
3.809057939780799
3.706543219269343
3.699816372271629
3.677288870394922
3.683434046174754
3.7168321635093156
3.698678403806135
3.690180236171535
3.70197178707817
3.693695445090301
3.6720368595194657
3.719043853399206

3.79571084674318
3.704888112379006
3.6936164587549407
3.7915599874678967
3.787946753430584
3.718301479883989
3.682898557466786
3.696742586085461
3.696929602677355
3.6671183012363975
3.693279009734706
3.795968681260501
3.6625023372547814
3.797964291139949
3.701964574147428
3.711270934498021
3.7213091957467395
3.7927936919852283
3.7098433860326354
3.6824345931781934
3.6413116387818856
3.6922239819664004
3.6606535615269165
3.6951968275762814
3.678449320648491
3.6689877842017244
3.6662550169805495
3.775121946373399
3.778800926800648
3.7009189966224247
3.7737497964161295
3.7875238962856352
3.67799359641957
3.77352494895811
3.6982464472503542
3.6464550699159783
3.630575560876154
3.675738001133675
3.6552660841326823
3.687129589020892
3.686335530259964
3.6897072702768834
3.692783717544804
3.690051233448178
3.657883894914771
3.7531383149989237
3.754658741043163
3.6499154756416172
3.6641975118170373
3.748451297753297
3.7562695103603843
3.669880709561778
3.7444621375754803
3.7469211154781368
3.752864027810698
3.749908719327227
3.7453847988629803
3.7478080254377537
3.633436025709428
3.745562001864896
3.673073279745127
3.7411074859560793
3.6786416131811537
3.656525261778341
3.728355912780019
3.733726357160403
3.6567293442906905
3.6010901826700374
3.657088303284258
3.7393698571363903
3.6247989667415155
3.7125617457637716
3.609484204707148
3.7287583430967928
3.7310575191609443
3.7270906526528056
3.7215278634708535
3.6533613808936893
3.725497500975492
3.652420305150105
3.718366971507524
3.714630364952658
3.6005169584348744
3.63157482286516
3.614531176282588
3.6186547365333666
3.594488702900374
3.603624107865953
3.6975339394694235
3.6956280719908348
3.594971580803609
3.6985272075340947
3.6115562195750144
3.535515180385706
3.560145853554337
3.669816914765605
3.6786487355129003
3.6655547817162133
3.5827897864091582
3.668484819230584
3.60059883643806
3.662036439189958
3.6667927528736075
3.550930624160158
3.6550902903488303
3.665575997036671
3.5699925218051387
3.5723821019896294
3.649165397461333
3.547456566995584
3.5555222875107604
3.5260734573892583
3.6233404147389856
3.485810001339285
3.5894839455607532
3.6058467856722625
3.515621386079989
3.5961963598921898
3.5924430125092646
3.4944006826955443
3.5347784996167557
3.513359085639052
3.4500165237633507
3.706275700095973
