3.966671607608494
3.9016697092845365
3.9369997161215995
3.8987394759683753
3.8381279631862926
3.844480641016562
3.833690471866765
3.815521541631356
3.832221316831923
3.809592554051101
3.787206815377654
3.787795722183126
3.781877244245575
3.758491222933918
3.8688658114436976
3.754562287200302
3.709770950931445
3.7349080229755818
3.85235348384546
3.802342242821578
3.756982549804736
3.928346951602766
3.916411412835111
3.6906389855793136
3.7214258153350164
3.7572351495280714
3.702231471305758
3.6905816356657812
3.8662284941040017
3.705704639737246
3.7368987280776804
3.7836094040616053
3.8124744162901014
3.769788911661941
3.773869726017058
3.740798128813399
3.765866188864136
3.7576364071458377
3.7830142659459027
3.7062829298361626
3.72523454272746
3.7464113323027415
3.739119653796879
3.7567077004599003
3.706897560861405
3.7052493632821486
3.714485123487081
3.683869691834606
3.688160229209452
3.7426697842449363
3.70932191643093
3.6818779903147227
3.734262050856718
3.7557497563704434
3.710908508527277
3.685363095549827
3.666148903532045
3.705661275254569
3.7072158028853845
3.6923746633137315
3.729087668888418
3.707367710388239
3.7053360739819103
3.7229571252500753
3.671362790544888
3.68983624895131
3.6922598573621714
3.684341162235115
3.6522237236919755
3.6580810861805397
3.880322679464924
3.645762376883564
3.714216456715694
3.655477058995552
3.6950459158074063
3.694780053632649
3.705704639737246
3.708945390659314
3.6871081234754297
3.668746910528917
3.6588771098722286
3.6546262759935293
3.6898792438466406
3.651823605387785
3.6555825555600445
3.6516691972093565
3.7052710405766183
3.6922383320410503
3.642281908785759
3.6571023815435666
3.8054036732159666
3.744329311792273
3.6600823711169412
3.675531791415505
3.6531155307400054
3.6736556353877443
3.7008541181741155
3.751026596752795
3.6584896214426
3.6512341171315907
3.6915424818822977
3.673321823591619
3.6827200958282535
3.6438955160906756
3.6771323012848676
3.6499855921621367
3.649775250681931
3.74156424955052
3.6554137639795523
3.6590673615043
3.649319593965178
3.6102523566397293
3.6407046104733496
3.6338112751426275
3.6147787374909632
3.67227816540714
3.6506939200574893
3.6272555802463478
3.6256082434882173
3.6753967010412976
3.688840480947139
3.673385740303228
3.7189346622326527
3.6356817285944456
3.680109396094048
3.6430850411093383
3.6424913874249696
3.6664743375742215
3.67997396902624
3.7072230362937133
3.6697176828243694
3.6602727481135147
3.649670089032741
3.61075320311817
3.6084422354869403
3.722235065021569
3.6136649790217237
3.6473860719763644
3.6726969773703875
3.637122385339717
3.7161996968363407
3.6543169985363497
3.6274010053628256
3.66056892947625
3.64307805582346
3.6782214444182024
3.642358714822483
3.6174215019534075
3.62838466224513
3.6115562195750153
3.6598567647636697
3.8149316424485438
3.6628059406856774
3.6277195963684616
3.632387128349443
3.5859679187985876
3.655406731335301
3.6483946103610565
3.6585530230238517
3.6191441295577405
3.660900427361955
3.6370457999777948
3.6558498407781186
3.647057016937701
3.6933508022346717
3.622670289336956
3.6590673615043
3.612332121617716
3.654464601701826
3.6132938786998228
3.815582840319866
3.6327760527402604
3.6724485180703796
3.60740086767484
3.6485207168767126
3.658982802780827
3.624391006932125
3.6264178816757107
3.618620277224404
3.6171184891867196
3.6342491641226924
3.6345202911442045
3.655399698718109
3.591560211561799
3.632095489702053
3.6649325748851815
3.6445315721933755
3.66149304123612
3.6655618534624126
3.6053472993102402
3.627671111518429
3.63791627814359
3.654443514805305
3.6306726872137265
3.663257908781022
3.629306458637368
3.6752118566203142
3.6891484668675636
3.6278442776484696
3.6485417354768837
3.6026674908558616
3.645762376883564
3.6193026937136525
3.6533754304733814
3.683319795517594
3.641939812152578
3.6325954703446377
3.623181496602791
3.783195047598567
3.65572322711854
3.6617823629288857
3.615569785254184
3.6322274156701937
3.6415977797753323
3.613170195529557
3.622255902847284
3.6519920655667124
3.668003235564959
3.5897484342084134
3.616113401316265
3.6307351283178235
3.676555957181668
3.593197132250457
3.6305547487656114
3.6365237130055488
3.635925237722533
3.619288904974617
3.635111349200276
3.633408232538127
3.5907932062192542
3.610684585797467
3.614881898003253
3.586326657732309
3.59262641790565
3.628495530266427
3.6263555889774057
3.6612460954737367
3.6279966775188317
3.6446434291874557
3.664939644230806
3.648864051007278
3.6147718603328256
3.6707669777802683
3.651304284325143
3.6792756087264675
3.6330816946222746
3.626320982847502
3.648443650747931
3.6601105738668105
3.6597016765285995
3.6308738940167022
3.626860913701708
3.5984916638099693
3.6409348387640748
3.6464760647230308
3.6475961381555835
3.6512551670064894
3.6047453626848145
3.5775817430354837
3.622014221171626
3.6488710584990853
3.67427370244958
3.7589596782330514
3.626037237493988
3.6736272235112137
3.6692003460635276
3.6195991770174505
3.6025991805034914
3.666375286314965
3.673016474445471
3.6161340481859376
3.618186146155677
3.6241628660642924
3.6460002417873842
3.6698452677345275
3.6618458786888275
3.590867856062897
3.622394021143342
3.618840828143154
3.750708192928533
3.6016089714183894
3.6346523933229524
3.631054305283757
3.6449580637982764
3.6494527741603378
3.6097447910432736
3.614283648980772
3.593312656025418
3.5684704972006287
3.6658093817708948
3.587694585224741
3.6372198622833705
3.6444616650586283
3.6163474129792608
3.576962104910416
3.60914824101512
3.6552238920824003
3.608983710187211
3.6208545979136253
3.565423647390861
3.606106847047927
3.614276773706327
3.602011818390356
3.6328455122885783
3.609449919832218
3.650946459830942
3.7392005982720957
3.61255190666687
3.6267916828122524
3.6285301779125634
3.6274287067071156
3.588121429583117
3.5813918419663726
3.6261202803181827
3.5956655198386116
3.6513814713529906
3.6296600536807615
3.6234440645125607
3.6278442776484696
3.5933738186783573
3.6037539736129345
3.6433574881542947
3.650806155643474
3.531526307082941
3.5824722829776
3.6257189419007165
3.61612716586985
3.623064044331049
3.645146870641412
3.58047397937647
3.643636963354601
3.639149588201494
3.634172699712135
3.607757057437391
3.614923163856856
3.6043624167439705
3.62262884642151
3.6005033124630477
3.595760787282362
3.617531701001485
3.635800000382716
3.5766725650389666
3.594781134588606
3.5998279661161456
3.6506518334918483
3.5563541754405668
3.5626959482771556
3.5726911013666482
3.5968703441826304
3.633220639752788
3.5779253305814693
3.5883382783152937
3.592667177203581
3.5237127321013944
3.6046974899922213
3.5734907173876653
3.616140930528223
3.611727850603729
3.6248197129142787
3.5568401780666514
3.602114251480659
3.6075036075036078
3.6205165143191427
3.644251959744442
3.637240750879638
3.609881956860011
3.5908203512578267
3.5662601755726198
3.6247505599285734
3.605374664842474
3.6232367708951108
3.626037237493988
3.571099654355144
3.5163045489876743
3.5681555265095173
3.604868469733334
3.7192549745035284
3.641702476741021
3.6151088718577093
3.5996983831670524
3.56592551719996
3.585135650211523
3.582080547794381
3.591397280367154
3.6014314742364966
3.592395466018775
3.612174167631497
3.7010559697058834
3.6064970094547166
3.6133419799973
3.591981185580653
3.585717520948139
3.533503189451563
3.603473748693741
3.5553559566246573
3.571186912163838
3.6909974629249023
3.696598740043503
3.69206613850689
3.698966430906227
3.6093950653870412
3.598852912987313
3.51741769705407
3.528398033010949
3.692518180793464
3.585135650211523
3.685649052497221
3.6816710911310477
3.539585607672331
3.587579422399713
3.569402331759039
3.6858778500080507
3.587660713038126
3.5861303577259407
3.5727985919412704
3.686078071133547
3.688324898716657
3.5384583867981982
3.5333914793194316
3.579961261050775
3.5700998500558065
3.5298532695730365
3.573678914353964
3.682049234812031
3.6670404474561353
3.5761407418421642
3.5793273125280223
3.6736556353877443
3.603364404449207
3.5962372002347016
3.5564140863946574
3.5610733449911627
3.675844670412159
3.571482277928992
3.5385572370945093
3.5271142265224142
3.594216716134439
3.582850591358919
3.6609639125299376
3.6585530230238517
3.571395005686037
3.5486027843458054
3.6011789122544324
3.5920966311805334
3.551946279616689
3.6788837879336485
3.5774470208339215
3.666785676377216
3.5838169914422227
3.5326622514586177
3.667840375586855
3.565370122948974
3.557972480019176
3.5643802105610707
3.649571943627559
3.6595959420859314
3.5388142737142463
3.545609602257247
3.5458610470367797
3.6433505018235923
3.6455385323829352
3.560152524429205
3.530220545883577
3.648590779819068
3.5235885709622923
3.5682091346153846
3.647309053772853
3.5154522629336262
3.645069946973825
3.5391702322254486
3.519189771382319
3.640997633351538
3.5621749515356727
3.6423517323216545
3.6219037488610066
3.633095588657093
3.5436521998619845
3.63410318940372
3.6324565730257596
3.5525705652700705
3.526655950582269
3.63548694477504
3.4955578818391047
3.527801863793427
3.632435739344058
3.616409362312827
3.6208338971035237
3.6187443338082144
3.521753314155224
3.615693632763513
3.614998820368806
3.6044102805369436
3.6357443421120617
3.516376133799963
3.5219034590652867
3.622276619920233
3.618778795479955
3.609792797893401
3.6082092457513335
3.6016567621105713
3.5211332860142437
3.60495738560901
3.601376863238661
3.591634893300089
3.592415842932016
3.537272613876907
3.4961882347745608
3.5947063219532502
3.612174167631497
3.5819995098316464
3.582918154834865
3.5788755926335436
3.573423508989041
3.5819454865601634
3.550605471669906
3.5656243783615396
3.5375031185882757
3.547794392244148
3.54257522844949
3.4785983811701637
3.5335820479153726
3.392281666503004
3.5267737815924685
3.8364384928046587
3.8167248884612373
3.8218841084047255
3.4017868332945413
3.4365939374865473
3.752693545169592
3.7574134756667923
3.756262084290521
3.760246672181695
3.747231486211174
3.740776033832366
3.3159218349962387
3.73762648914908
3.743967778230995
3.7290144803520193
3.7181050188547062
3.7156909718487516
3.711821957575829
3.7108867652200064
3.715683705358016
3.710285301411861
3.7067673866899735
3.709126403123475
3.711792952281971
3.6919943959411383
3.68853254644639
3.6760295784948402
3.6835554452643047
3.680216319241333
3.678620246351389
3.682084912753967
3.6757522233464437
3.670135910927733
3.6801664209994174
3.666403586128644
3.6717175328377154
3.683326935976024
3.6855704099130207
3.6559834980450105
3.649852373076384
3.645426620440099
3.655034039909124
3.630048394276751
3.638982310715462
3.6223802088397514
3.630200979390012
3.647302052279276
3.6306241233953593
3.613032779715293
3.633199797305695
3.6029339259843596
3.6048479513079905
3.5488347681210044
3.544452092998961
3.5439562489274867
3.37260345461097
3.6772319346304285
3.8175991319985134
3.5545777348734005
3.807546557276522
3.8544479314800877
3.9253440873988192
