4.651823269888992
4.630927282255017
4.530162537463252
4.431166492918297
4.498883566525465
4.405459987989325
4.379595694165918
4.539882871021928
4.315621869754532
4.305919733123628
4.281188457915917
4.247480573365167
4.340773571542803
4.273196710987963
4.23850750996607
4.214589133014651
4.354731874574554
4.19004269432977
4.3345842791472275
4.148498789293379
4.230005432217502
4.34279758449027
4.091291793083994
4.343661340728226
4.262784989612266
4.254680708605876
4.261169309712999
4.060948423817677
4.08730483119431
4.083615246070058
4.234351286239918
4.167662884329807
4.245525439635332
4.169720804273306
4.147647519815932
4.01246821702807
4.205475085880228
4.206331636041621
4.04638434262227
4.186146938164
4.069315434056744
3.992963977160246
4.156303252635424
4.106651911538395
4.11868756936737
4.020678986873541
4.075984940308273
4.135442263784626
4.110614471959119
4.054959642480611
4.028308407291663
4.11349790211607
3.9642466679463535
4.15155355504086
3.9257252777450633
4.141012368550101
4.131323915364393
4.087392759721541
4.026805810468847
4.114183756769457
4.073223699301764
4.042424177951768
4.0151391879697975
4.0188505241427155
4.117313084820983
4.04479934601981
4.103494449483824
4.072996675148504
4.01234958968446
4.090173251128027
4.047608396018005
4.014146698047434
4.08872973926816
4.049221483890492
4.064797145228784
4.059325980968171
4.075556527969042
4.020177057061124
4.067233510579088
4.0372446442762495
3.9503831871691553
4.014223026005827
3.976093216366437
4.022883857225734
4.075364208864561
4.03879796869719
4.060202112587268
4.048652011966963
3.9947689551786922
4.016751969794025
3.9802829352701248
4.000614831331973
4.029196832627163
4.055929127975237
3.919432961193488
4.007052412245552
4.013341191032929
4.027855802762261
4.0269423638575566
4.004856415358414
4.008844777530214
3.9650739590637416
3.9928465002700424
4.0126376968304385
4.0192670972218405
4.017354973485458
3.981534064119463
4.000454788544381
3.975702182242003
3.988044263093379
3.9896688574848285
4.028146141142001
4.012891943380207
4.007483448038759
3.969281936006819
4.001145591158732
3.9883540063015994
3.9896185924625605
3.9879856684388715
3.989367286348385
4.022704993870668
4.003708698583951
3.9355889090961815
4.0126715945089755
3.975485898533046
3.9646106335030464
4.029401909512358
3.9038020977799697
3.958226131375609
3.9915882529658555
4.002452028505885
4.014307838252973
4.004594745550158
4.0033122141055655
3.9662079086185695
3.981784384279915
3.9893589100231592
4.009191599266529
3.9294437355360277
4.0225602113749535
3.9706008354980074
3.9944918060358874
3.9446585171405792
3.9952225549237967
3.939783519263468
3.9819679724028663
3.9563222028802025
3.9903559397498256
4.014282394202531
3.989744257393101
3.980357980827244
3.9497426430846243
3.9319401848425777
4.0249206137368425
3.996272949649064
3.977499911029607
3.9706257288188014
4.013765101791195
4.007196080540423
3.9704265909917287
3.9476089955620566
3.9711070610463657
3.9694063230553565
3.9586632219351614
3.9626261783598897
3.9518128421437964
3.9548645875180313
3.9776497951510357
3.997778077026663
3.97388114330652
3.970044965982983
3.937660615104037
3.946092226406003
3.939873384911114
3.9689088216309707
3.9335275253764284
4.011265321977934
3.989116011891765
3.9422522294473796
3.97389776625115
3.9263174861648973
3.9947773542379332
3.9720119494843704
3.940020446632423
3.968113078691859
3.9458627628931064
3.9396936577152677
3.938133987754476
3.9628327997413733
3.910567382163285
3.947346552096664
3.930939598009703
3.942980353581575
3.958564249581226
3.8950948455594894
3.961015270756241
3.942579442975776
3.9258469498235438
3.98235189318913
3.9623452078562877
3.916185388093972
3.931801862018587
3.964718181571573
3.942923075646017
3.9083954391082276
3.9556714960557793
3.9282088814735334
3.9572368489564353
3.9356622787484596
3.9689585661614952
3.926723211480912
3.9119039236396356
3.9381176626649865
3.952972114902497
3.9577644047001574
3.9744713430157033
3.909199581098403
3.953909896636471
3.910929607383835
3.9355318457022954
3.950908916993483
3.9327133445243176
3.965587052984417
3.9582838547851487
3.9446585171405792
3.967135415035443
3.9343094562163126
3.8980995738761672
3.9238848938692397
3.9452646441994226
3.9368773517662077
3.939268913155707
3.9216333809433386
3.93263194497627
3.9455923580105905
3.8980675842854535
3.941197335750601
3.9406660140370673
3.9390729080931366
3.959900794064317
3.9512704374264334
3.92511703046304
3.9507856865113937
3.942358567886377
3.9574181803791206
3.9361433253367473
3.912516139129074
3.9441426368046635
3.9046524962032394
3.9354584809130264
3.9356296696763877
3.9305817881664664
3.917711561579209
3.9062178764977262
3.8947914339187135
3.931240533986609
3.9137169599894537
3.920872662437627
3.9017578445868244
3.9254332955252123
3.9317042282375
3.920290184006041
3.9508924858183754
3.915055655606978
3.9194814732299417
3.8950788753472256
3.950711751911937
3.929833850761457
3.9334135197633326
3.9466987941796576
3.9218114640741426
3.9428739815971543
3.9272507797659775
3.8894256751224145
3.9293218404116277
3.9401348355615835
3.924792708974555
3.862228221098336
3.904243296003288
3.9066114258103646
3.905984996906049
3.9362819538046234
3.916500215407512
3.898315517347504
3.9324447388028814
3.8629820594980564
3.9363635045237104
3.895126786376897
3.8890355805818406
3.9292812103840564
3.9285256450018817
3.8618906597125533
3.930573656881607
3.8942166783151566
3.9151443967071575
3.9287043546586164
3.8800057179031633
3.8877225721172537
3.868093925463866
3.916411412835111
3.917121946191114
3.921333913965934
3.9094971975077986
3.899123518076542
3.888414775157532
3.9330064108004494
3.913265558320014
3.909263926752739
3.9021745381057613
3.903657727290471
3.8977157334372725
3.906876513914649
3.883550709974389
3.9233663309091056
3.867464042761939
3.9151443967071575
3.881226304092038
3.8910426151083044
3.8750915235432206
3.9027115629127374
3.9161692444678957
3.8768389479483356
3.884392307267698
3.863445502034409
3.9056156586409694
3.899491629433363
3.8729114305923313
3.916928138799441
3.894639745823511
3.872603571763421
3.8479453996800133
3.9106317728540407
3.8768547689394555
3.880433628246289
3.9063303110672507
3.8840270410051043
3.8729035361647655
3.8659846255895625
3.896197106560991
3.8211846476867755
3.836725132972816
3.8749966858580978
3.866244228613056
3.8778438371877058
3.9033289232564443
3.859411785018576
3.8197480976649274
3.870639164756812
3.902671481330852
3.8785166919110474
3.8614197424229797
3.8663937128368344
3.8912338692995987
3.899843800993023
3.8888763808069626
3.834030857894673
3.878809654561378
3.8732904009670994
3.881567254281471
3.8858143235206297
3.830328541390732
3.856364625364325
3.8636576229964903
3.849052322801786
3.880013641311118
3.8189956845348765
3.8614118947744935
3.834680853640323
3.872816699585609
3.865127396633271
3.8782237735117313
3.8623616918770467
3.8546747060303344
3.861788617886179
3.845562221196739
3.862565841500627
3.879894793589597
3.8745778749367834
3.851119763743937
3.8641762389769285
3.87773303644865
3.8393921635985206
3.8585966487072687
3.8657801144270914
3.877740950577171
3.8509246272710325
3.8302513249645704
3.859733231490548
3.8251542141120005
3.8766728353373012
3.851119763743937
3.8424436323630826
3.8192720467478902
3.862872106403829
3.8647107162325987
3.864608525326407
3.8469014221387154
3.8136988061115527
3.873843199060491
3.867889191081869
3.8496372223449153
3.8557229074585915
3.8221839556787596
3.8677710849505025
3.842327075058848
3.8630370383924886
3.856168957028071
3.8483117051464077
3.850589038791645
3.836392014650979
3.847540206795161
3.858016857503132
3.857335433889331
3.8225530630721254
3.810792163406768
3.8365546931160095
3.829548798529453
3.8181208013230794
3.7960976116552185
3.8364462392730942
3.8170545999525882
3.8079052112184897
3.807676275371148
3.805449403545878
3.8248154023303194
3.833071742998592
3.8113043286387427
3.760484825454128
3.826271177907513
3.794611651454934
3.810005073322545
3.784875636954729
3.79466470142979
3.7827883131750535
3.7914313651148404
3.8322058580308918
3.8194025650303542
3.795604689769247
3.773674844286259
3.7853582343495358
3.763315203397283
3.781553581628815
3.7896315680298702
3.744617112900206
3.760254114014863
3.7250957741729307
3.7405845549295
3.754569706550736
3.7127866417844824
3.7190875316611796
3.7486731669974707
3.709713004887059
3.846924788570989
3.7095174503510373
3.6796746392950515
3.7112274396437224
3.6892702429287363
3.696001898577818
3.7352384359966897
3.6876090513334585
3.685577559100176
3.697238940877257
3.701726563200162
3.665031548205774
3.656131235868572
3.661761191498547
3.64274977760054
3.643532155130093
3.6051078686222797
3.5913090321422163
3.5817226577890215
3.562816199937745
3.587762331516793
3.568664868560438
3.54799314303641
3.5497232150029983
3.531736368891722
3.5252360516614067
3.4704083757392885
3.4574371292353607
3.4976298955313174
3.446299399981136
3.4214014060159044
3.3633557084997308
3.37858863905115
3.336166148097683
4.038660610092825
3.9721780288380124
3.964982940139192
3.9032166613939
3.8818527470237427
3.8260939608127424
3.8168398976283364
4.017202082179269
3.9558197395405004
3.8652610678699157
3.900204042253579
3.8071040561688108
3.8523066192765367
4.032608949420472
3.8180440763046155
3.794391888788371
3.910953758117802
3.978332743562953
3.902022274386099
4.1071046425413895
3.9498247525122965
4.36527720659019
4.253718645615983
4.127751743975112
3.686314073959102
3.98189286612457
4.0342957605921494
3.9725932879900143
3.8904689653195406
4.095869208117581
3.8903972709886934
3.8902698209247375
3.7490282124238847
