4.660575213098669
4.5606640326831585
4.502177632233696
4.4686325514010345
4.411669096954555
4.346185078860384
4.464516492863823
4.35915790246499
4.358597907873004
4.353195359951977
4.3199687143318375
4.31708292434653
4.387940093070519
4.331708562647905
4.270632210906296
4.309230371455659
4.303179370105133
4.283562842121401
4.316641561988109
4.282423581278146
4.260271177471686
4.244529583254214
4.264803920028193
4.211431598592938
4.225245620199343
4.306222264528968
4.246142156369772
4.222944815001678
4.245677230209558
4.2290168426160255
4.28159365422751
4.216469084404834
4.2824718427476345
4.188047752561322
4.202070957497158
4.228885065581104
4.161355462983648
4.231314847683801
4.195853613292464
4.250331078420845
4.110543327290113
4.074743666454351
4.158022357029684
4.043318841227381
4.184266277896944
4.124311077248347
4.083044833981248
4.097379617908568
3.942865799374537
4.106430021029244
4.138216428719222
4.130147468002226
4.068949418675621
4.032583272844584
4.074673758028716
4.103848978357596
4.032437778423911
4.029649738602984
4.035752519159204
4.113284175979286
4.0360097034170135
4.0583635396619595
4.131602409376563
4.115663130806605
3.989903444336647
4.019207581494722
4.029205377080607
4.078802463596689
4.1232907332296
4.042966090153888
4.099182968110514
4.126935858728469
3.997534152617438
4.021674710016087
4.0647188819028015
4.030701214726061
4.055556859974429
4.0282144621379645
4.0627632777518805
4.015147672904939
4.0153682938066115
4.064962377703467
4.000539019994273
4.011146765749029
4.062276842028743
4.040661817872485
3.969315105124177
4.016454781060936
4.046367107720681
4.0662499117195745
3.9204681451646186
3.937064980221429
4.066450074694267
3.969456080057662
4.1059242003172365
4.059473422200192
4.0045694244801435
3.9939879970150196
4.087164153419235
4.044101996509301
4.037476279826856
4.019352122746783
4.038943922452277
4.014859205226924
4.053592763270182
3.957261574990107
4.077979554298297
4.034826927160756
3.9945169998234005
4.002679688717921
3.967135415035443
4.0461344509182595
4.0340302297486375
4.0486692663385115
4.013061458980175
4.039965894182662
4.036524170281834
4.036181177800153
3.9734573052012556
4.021036369215792
4.006275091933471
4.045031849303403
3.9886554242564833
3.9813588587330058
4.031522260368439
3.994063560266215
3.9957602880312257
4.011451638783559
3.956454017674938
4.0482207004700195
3.923892997503165
4.018808021540811
4.031616359874808
4.013078411327864
4.01051176240884
4.007466542927348
3.977166875642365
3.998594178467781
3.9863373532398434
4.031009067648818
3.987249196779142
3.9668123948272767
3.989576705911503
4.0113246027205225
3.8984194986632525
4.000513750186866
3.9976855504707802
3.955251533180397
3.979524300232069
3.9944834081773384
3.961312570495727
4.0177117651288
3.9928045459130495
3.9266664048889064
3.9622130002293914
4.0148252705780925
3.9512211352898117
3.9968193732145787
3.983487396455535
3.969762942471867
3.9597357397411583
3.9949453428399013
3.959752244554299
3.962989846402857
3.971605113755132
3.9625683282341333
4.006114595962258
3.9827191910468476
3.948839664639596
3.9517142120281865
4.0140534122622995
3.9861784507192954
3.9905989889082347
3.9395384519687324
3.9798660670335124
3.9963906282536406
3.9888815176224584
3.9717379489109077
3.986404263354454
3.945240067858129
3.9617668646160005
4.000766462627577
3.997500510207302
3.9576654772840416
3.9630807738436666
3.938778937068678
3.975103300381819
3.9992590846327416
3.9380115528823136
3.912250285182455
3.9697297658695168
3.962270839980564
3.985827237465098
3.9981313996405894
3.9014133383161913
3.9794742905016234
3.9889568877738473
3.969804414004634
3.981700940729238
3.9415652577991125
3.9484867943898236
3.9848324692538717
3.9446585171405792
3.985718541143104
3.9296875484747638
3.9483062805084588
3.970260658060256
3.99623092325554
3.949200806468375
3.9775998325221122
3.9662907040583506
3.9267150961528525
3.9837630206149255
3.965462905181608
3.979540970421538
3.9716134156920537
3.9219086071444793
3.9494142395091085
3.883987342289672
3.9348064696502165
3.9292162040876257
3.9800494782993043
3.95690719803071
3.954930445262722
3.9210830444114246
3.987659244023758
3.9174611552799132
3.934236136994244
3.9574429086788805
3.941409904555648
3.9820096993373095
3.9490940985984873
3.9123791795534943
3.945076233407321
3.960429060377783
3.971389275576792
3.966340382981477
3.9209293015173996
3.952412948104818
3.9160965997975996
3.9695555978046264
3.965198082513685
3.9354992387915946
3.9584652821760726
3.976892163429337
3.9429067108272218
3.9779329404252204
3.9114851497378273
3.9638248823891433
3.898131563991933
3.927145254768381
3.922054330773677
3.9447649854355125
3.89848348992242
3.843975074856357
3.9261552195134044
3.9103822707384035
3.9776497951510357
3.932656364486871
3.914797522551294
3.90608135750718
3.9274131369902374
3.9374484505104177
3.934741280406231
3.963626426123219
3.9451335739172686
3.869685292751876
3.9083311220407246
3.9611556567387596
3.9373750142470807
3.951114318214429
3.9514594403485606
3.9448960312269667
3.933104109265772
3.9569319199450192
3.9359720918863044
3.945567777586268
3.940151177379385

3.9438233499250672
3.8866648528897354
3.9164598501026524
3.8793957126552012
3.9486427060256286
3.898291522446978
3.903120442079747
3.920362984345372
3.9032647728299903
3.9108008085066093
3.9309883953084688
3.904756815855779
3.8776222420411806
3.9331692442725807
3.9350998479808794
3.920994033898025
3.9181074303814176
3.9040266953235925
3.888223797976077
3.93404063242809
3.886656902293537
3.9153703012980485
3.92700726909714
3.9031845877620786
3.887165806034518
3.898371506597481
3.9199019611888444
3.893482515189705
3.889314211554129
3.8696222434033123
3.9144507098547328
3.905904700036798
3.930793213382075
3.889776030790648
3.9194814732299417
3.9207108455116115
3.9402737453338865
3.8903733734656063
3.922030042750128
3.8977077375652867
3.895262540695243
3.912065014402576
3.935564453153319
3.9087250973066827
3.9204681451646186
3.8700321008978475
3.91596746037144
3.903721890634149
3.8806000633150535
3.888223797976077
3.9159190352824305
3.9112596932337267
3.9098914079107394
3.9072300206877544
3.8628721064038287
3.9292162040876257
3.907527337266911
3.8784296034407792
3.9061616616400534
3.9170088895485953
3.880417778031934
3.870292247804628
3.866724192668691
3.8982835242124443
3.8839397049023496
3.8942565864176526
3.905318632891827
3.897987612605682
3.885679226954343
3.891178084885026
3.852205083288729
3.90697291850877
3.8870465197635857
3.8926449498053675
3.8564350708264747
3.881709995403238
3.8886614817846907
3.883868251012361
3.843135351181663
3.882051030582389
3.8654733882501815
3.859803800078415
3.898907485081549
3.8641133690187592
3.852415971711101
3.880433628246289
3.8838364945718276
3.8405485111810496
3.890548628786374
3.875510445520522
3.835338811812036
3.859012011682651
3.859701868501989
3.8766491061263295
3.8711123335676376
3.870284364051169
3.8647657443437122
3.8601409967290388
3.871080785381169
3.8421949853288817
3.869764107326889
3.884845015130449
3.8687397682014026
3.8616551867110283
3.8415191388527203
3.859137421852467
3.8635712005335794
3.850479790047523
3.8996036771210254
3.788883416057288
3.846426366240523
3.8637911925896553
3.8350678605165633
3.824676814809149
3.8628878136054974
3.855863754068951
3.8567090498692775
3.817276995682459
3.8329093597629247
3.8041846030633697
3.841674484811232
3.8447840445509294
3.8441383970752177
3.852275376864045
3.8625579891929696
3.8545261265866952
3.802684695394949
3.851400795010206
3.8290008524565056
3.781463267064848
3.8656464072885743
3.8245459358160674
3.8688815674264605
3.865953160925387
3.8424436323630826
3.8030728828893747
3.817108279307858
3.8471506787183722
3.8086608948749454
3.8330562773357437
3.8200936928242557
3.816816895240429
3.812267878031505
3.83734504194824
3.8488262092910666
3.756544295588631
3.85279875412655
3.8539006545546006
3.8247538066365516
3.835563343319256
3.823368427830902
3.8228683987613907
3.7901985465585994
3.809149577284638
3.8222147119055956
3.8127574865499962
3.7976302787060874
3.7998024102746655
3.7925817101748978
3.8008361839604716
3.81776789176829
3.807714429434033
3.795536449135816
3.7698113507035655
3.794770805829567
3.77081390041082
3.8262326510556375
3.7832929782082325
3.780116586753676
3.7754220027620193
3.7748744357556108
3.77278314241065
3.7940585043821375
3.765440784480042
3.7624581921586406
3.794573759523881
3.7723486841452156
3.7481185431260493
3.7024190436846474
3.724431289143283
3.709466754392302
3.6822847220068837
3.726133136698097
3.6924464206590435
3.6671466125215684
3.6917074535573486
3.6692428613914543
3.8913055944686112
4.131539520350007
3.527710163332981
3.5143923615606862
3.512631608138213
3.4828387702279606
4.080107543045135
3.9044037564474037
3.3783483432757535
3.7038914252964084
3.9135154285196405
4.0319329086364
4.0173974453581085
4.041280618018156
3.9617255608448065
3.9604208051327054
4.058034160104398
3.9314601649971754
4.035409657797261
3.8934426229508197
4.007677867071653
4.6557672704461694
3.9080095684529015
3.9879940389983837
