4.514994534480301
4.537573496749665
4.6263492504096755
4.407013181608375
4.651162790697675
4.595043640822367
4.522506611190586
4.550985408103628
4.250074376301585
4.265838046335982
4.308429101397746
4.287564708377902
4.465786201660802
4.2413459799853115
4.393490234889862
4.37805167483519
4.265186871305843
4.294299656230011
4.3185155216539455
4.32045005446041
4.19773543220105
4.396184112190618
4.412673197422999
4.282085781446849
4.381868290264181
4.289888056500084
4.250854086077558
4.25617705696557
4.188020058411858
4.075713893465129
4.264890078069936
4.204711932972465
4.250844575698593
4.301386857678428
4.264861358335896
4.268042024489576
4.129519106632877
4.221218510265337
4.043611413199624
4.234379596530483
4.240096584936945
4.066110679532697
4.119830696641688
4.212822946137949
4.064379775646237
4.127061358541714
4.238923581131882
4.0259440309022985
4.202721594025942
4.026191434807484
4.2016992556358055
4.05309122868394
4.072080104245251
4.188601712476742
4.180270881553125
4.144019961089834
4.128352656920858
4.112598621197199
4.0626764056860365
4.146769448348713
4.121233680456893
4.077822013800208
4.114299572979013
4.0148083034687945
4.139018747576496
4.108934337066697
4.076177318004047
4.038025448061429
4.047910213090516
4.0575401910033655
4.0866630675353335
4.1163586258295
4.033627717391304
4.038866651503203
4.06293703302954
4.068749009580833
4.110294340341024
4.080160114072687
4.0929575280259884
4.095516056578476
4.105480600523773
4.07883748838068
3.982226693494299
4.007939939965278
4.092657771957109
4.022330284124709
3.9966932622062163
4.054795222170767
4.043172571117277
4.019955907430995
4.076439680492949
4.045970745502052
4.094227570097486
3.949479915855291
4.05522793582495
4.057869490374307
4.056483327853522
4.023531305191202
4.00333751927923
4.020942762937913
4.04638434262227
4.053705193223059
4.066798231156811
4.030034361345607
4.0489453562858815
3.9897610133153023
3.9891076366216875
3.963576815161724
4.021802402497751
4.062728528479727
4.062103143212653
3.9784243764343263
4.045100744298537
4.045540005067571
4.003177258582075
3.9484211510686715
4.047366974763602
4.004856415358414
3.947280946682622
4.001887205755978
4.022722027790658
4.010816538918641
4.017677782241864
4.009166220031482
4.019879361304641
4.026874086005553
4.008210502777268
3.977449952165931
4.031505151839215
4.039570784973647
3.964503091269121
4.00966540397379
4.021802402497751
3.9781411611984674
3.951656680067636
3.9533586903146873
4.041177471499064
3.9749868720828303
3.9851667897174305
4.02319903612621
3.9848324692538717
3.9793909437439785
4.013824456443667
3.994164315715565
3.963047708836971
3.989601837736594
3.9781578198020133
3.976584197891573
3.9966848550886214
3.982685797532831
4.021734298831792
3.9992759205701702
3.9999242119622997
3.99978948476396
4.00600479033836
3.9890573857397498
3.970318733008603
3.9734157573121305
3.956734153279716
4.00280617780465
4.005481184779171
3.9702855471157963
3.964114333402879
4.008607958141694
3.9900626439835105
3.9706257288188014
3.9894761817773325
3.992426996371094
3.970318733008603
3.998274428930672
3.9886972914646077
3.95665175633689
3.938917751251125
3.969165848461426
3.925717166541319
3.962692294857677
3.988990386533169
3.9921501720826833
3.988831272437176
3.996609192621839
3.9236661084046993
3.9431194640678053
3.9641391454567834
3.9678893334781264
3.9410420115078426
3.9429394406006546
3.9820013538804604
3.9935094961452124
3.969165848461426
3.966638482656395
3.959900794064317
3.9490202272972903
3.9603382545747117
3.894871274504377
3.9274374917317103
3.9678396157460583
3.9565776020224357
3.9876006606824674
3.9380360392477107
3.9569236792725926
3.9773084088673047
3.971679832436918
3.9202740065200348
3.9580364805972885
3.93963647522798
3.951812842143796
3.98106688401895
3.954584716570751
3.9404453532816652
3.9680053463650986
3.9147491263928265
3.9592076583578875
3.9588364354636734
3.9547658050133943
3.9502189252909647
3.9433404244279564
3.95180462277945
3.959570699176826
3.892238262340956
3.9364532142176403
3.9400449579866783
3.927405018810203
3.94272670678564
3.902070356382247
3.928785591695788
3.9128867837100345
3.945281028597058
3.907503228831615
3.9315984637796317
3.930663102865453
3.9447240354111646
3.8915367268899046
3.899843800993023
3.888653523017759
3.8563724525108025
3.928631244197515
3.9347820234305915
3.932990128194778
3.907696104643988
3.914095895349436
3.898955490344955
3.9274537283938367
3.8779625592920066
3.905695943626418
3.933625249733445
3.863634052850447
3.8622203701633313
3.885750747495736
3.9304598224259624
3.9181235899910503
3.9388769225347295
3.944036202100718
3.9204843242529415
3.8503237311663443
3.9250116201001912
3.9250602703333612
3.9036817882971726
3.8825190601034385
3.892940050772134
3.926406738540575
3.916136957615031

3.886617149800453
3.9171542492876963
3.9298826206112
3.922499664523055
3.936078091789341
3.8843764246972743
3.9156043013943673
3.885194546004793
3.913539611200138
3.9327947474421308
3.9128062028275177
3.87054454487489
3.8434618667896574
3.903360999260416
3.9176065485886307
3.9011169513797634
3.9237147252883413
3.917291543392251
3.9044839916156344
3.904130981539625
3.8892823659937528
3.8376240663464607
3.9124839124839124
3.9046524962032394
3.8665117348631153
3.8852104352662598
3.90890200999856
3.9166616849478566
3.8739853726468088
3.921673852961999
3.839260275578061
3.9048049652677874
3.913813702467763
3.877179127716321
3.85015988295514
3.884987997431818
3.8862991591275873
3.864459179107513
3.8932990176591846
3.855222202833385
3.8983795051930517
3.8739063860327323
3.843547391950803
3.8840349808455747
3.865441931907189
3.8504875933236598
3.850963652983585
3.8444961990073105
3.861231407662715
3.890915122758372
3.8579228537258397
3.8524784616039693
3.8783029362835655
3.8732193383725955
3.846107132302037
3.831216754112509
3.862071208462408
3.862495171881035
3.882677739791112
3.868212051312851
3.880394002953184
3.8680388025366192
3.8593725878921328
3.865182436611008
3.853775584506199
3.8539788274573676
3.8528768823331396
3.8619848569541135
3.852994080584357
3.824838501226968
3.8727772297005325
3.859890054079091
3.8189112485025847
3.8342397610663226
3.842839980098134
3.851611595378066
3.8323372618151965
3.8365391993344615
3.8368181065504583
3.8062422372691214
3.855613367208617
3.8319971764231333
3.792823977035449
3.8518536538886488
3.807187970889039
3.834874347314478
3.793785778894171
3.8043826488114307
3.7941039624423647
3.7770431318446485
3.8200322491143557
3.8164412288137295
3.8046569000456563
3.787516346123178
3.734702462151739
3.78519986851411
3.773734805751966
3.7365386279430157
3.753182797780486
3.7733825594258104
3.7972811466989635
3.746285754847004
3.7581715506413618
3.7701704117026087
3.812811045111575
3.7503084135208486
3.7526120154686615
3.72879493197893
3.753961417179708
3.754918449100104
3.6928196038187644
3.6875446386982578
3.672519503011466
3.667139534659294
3.6295352475629583
3.628142162067201
3.600830844337978
3.5729665589135178
3.5585722259056562
3.536495705019032
3.4885685118133947
4.091749955313784
3.96309730655392
3.86751914930863
3.913757268774191
3.8971401144938747
3.9531201561274405
3.930500476831768
3.8971561016132172
3.7753769912629824
