4.324855857106762
4.524865325718858
4.222447419417924
4.304007937496744
4.430928815962538
4.343810298945598
4.2219126152971
4.356369355922254
4.298331342527238
4.286481340269913
4.340277777777778
4.308731985531732
4.286055881145415
4.218893983635132
4.300900019919958
4.265847623922873
4.286993937288047
4.197364496923774
4.292272102942239
4.237477139925955
4.197828176264595
4.165716590952941
4.208894057706153
4.226335855788523
4.242520325021715
4.223207637337601
4.213430197875987
4.226580296127563
4.222926043229427
4.17849657693162
4.005717634855647
4.06705938762929
4.14405611488196
4.091785202812564
4.144155541063129
4.175172665364306
4.206145399805189
4.1758149982087955
4.197364496923774
4.110774556469061
4.061842622838672
4.129025528243622
4.139541774512623
3.9882284289318686
4.129563983247011
4.160052548032185
4.0833168567916305
4.147520764890145
4.0528750882566875
4.103671706263499
4.143143424722355
4.057115647013856
4.106474397212784
4.1384417677680725
4.12514383725222
4.142176953799466
4.108827708204031
4.099006098889601
4.116724300806878
4.0478584698242805
4.124508043876083
4.109058744401407
4.092137711202765
4.136612723785306
4.0554529834260045
4.124311077248347
4.1062525258855995
4.0577828274630745
4.0939717343572575
3.999898949921265
4.119634176485128
4.0828605810555265
4.065005862166348
4.077191973511128
4.0531603984896645
4.033713351591194
4.04885044611939
4.045591689077115
4.097467980444295
4.05404252050492
4.014468991396359
4.00280617780465
4.081702800477774
4.029547184937129
4.0680259582877465
4.017652295453921
4.01743142350282
4.037021612938867
4.041624477779574
4.055496264674493
3.935784567581564
4.061200148768174
4.000766462627577
4.060340940417703
4.056214868375827
4.0521576673221205
3.853244127351746
4.002106371774619
3.98415564208862
4.051138156604208
4.062077089671421
4.021717273275689
4.0359668370977575
4.003109784232383
4.050801312459625
4.063684350109933
4.001651207656212
4.001499509289797
4.032899973467764
4.0258757868998005
4.027343543002491
3.9956930634768417
3.949282893369362
3.9974836892145786
4.042931678710347
4.037956793862306
4.002662824110356
4.009284659210804
3.971015764932587
3.9436432621817064
3.9798577305594423
4.0133327137310895
3.996264544299644
4.012019164782074
4.022006727335463
4.019488171069416
4.004915506822058
4.017966655106202
3.9901548180069386
3.980357980827244
4.004029317924143
3.964585815546602
4.0238636291437855
4.0093861840772504
3.9792492622681306
3.9891076366216875
3.956215109826614
3.9592819112912467
3.9711070610463657
3.995667854852108
4.020517334777898
4.024536966431126
3.972842485159342
4.001061334164431
3.954502409124494
3.9858105145681377
4.009360802378606
3.976442716203376
3.9877094596863563
3.9691078072350567
3.99134508329307
3.9861617248751178
3.950030041017943
3.9437987915370227
3.9894678049948133
4.001288836193553
3.9994611252378625
3.997719195995548
3.9835040998643514
3.9746376281036166
3.9415489042494047
3.9843645148302245
3.9980304439497174
3.9866886564019923
3.9902469962890703
3.99479415246237
3.9728175640355463
3.946616814664797
3.920856480143957
3.9894845585950294
3.977774707214846
3.9609492102075747
3.9492746845257023
3.9876006606824674
3.8876509789719007
3.97527795561916
3.997971555484481
3.9516648988165803
3.9393342525113257
3.9840971616453063
3.9721282035736607
3.9442408893225243
3.9244603350662923
3.9450352769207133
3.9193844503579016
3.9562810125580685
3.9583085939046216
3.961502535361623
3.9641556869986125
3.9443309584309034
3.9644700025247412
3.9411074096967837
3.921390566372631
3.926926105584709
3.9532024060438222
3.886760262581341
3.9717545539301558
3.966646763842553
3.95550679410338
3.9369018240287765
3.9369589271579715
3.9562810125580685
3.954551793181104
3.938566651948865
3.955251533180397
3.9519443566234584
3.9167101284062493
3.9447240354111646
3.915507470376095
3.96953901116694
3.929858235535019
3.943946146453251
3.957072016628033
3.9252386648403976
3.933161102278749
3.9452728363812297
3.891807744697412
3.928355073677333
3.9030723342015956
3.894049073216321
3.899827791814877
3.9257090553710934
3.936396125757497
3.9026153684993212
3.8894973336472227
3.9303297339787346
3.9218195591461993
3.924152331462821
3.872429929399488
3.90139731624932
3.9016136252561715
3.905535376956108
3.8930517222655925
3.902126453542104
3.9209778506024895
3.942023212292473
3.9159190352824305
3.875399778082371
3.925044053454968
3.881932058016496
3.92229722755517
3.9358334852426955
3.874846535683258
3.909770722813718
3.920460055670533
3.9202254748631016
3.921592909760019
3.9382156152321888
3.909633955376673
3.898027598035394
3.9048450906848893
3.8680230534173985
3.88672845883034
3.9010849122461217
3.8922302889264
3.8902698209247375
3.9281845171640986
3.890986836177167
3.8881044467636645
3.9036978291330913
3.8987314758955796
3.9258226148044835
3.8830427523007027
3.9244360172344703
3.89377774316642
3.9349205560249847
3.8740090692591265
3.895014995807734
3.854471389678943
3.870166111603369
3.826178714766432
3.8816703440385716
3.9169119890491384
3.9015575428401283
3.869582838603773
3.826009210613752
3.878801736069998
3.901797907404175
3.8738274026395034
3.942538538314212
3.8930357688028505
3.868408943761478
3.900148000353066
3.888414775157532
3.9171461734636024
3.908532119905537
3.884622619135242
3.9300208084259642
3.877740950577171
3.848919770280262
3.8945439489035834
3.8885659787315907
3.8808299256923195
3.864506339824348
3.823483837731346
3.922216258618554
3.8941608083458013
3.8916961445580776
3.840595090102382
3.8562159156178772
3.8771237455464096
3.892262182780632
3.8711517695238484
3.88264600281594
3.8882794977161472
3.879744263593909
3.869031255663549
3.8504485772592507
3.8945120176441894
3.878873003656348
3.889959196375377
3.889521220408932
3.8211769627274355
3.8719406574147666
3.8916084632243
3.8214920714096077
3.912355011211986
3.868322308614754
3.8802196612772457
3.840742597474004
3.90499757479098
3.89520664071229
3.8465509597144645
3.8474700859200817
3.8379884092750043
3.848989944007325
3.814311295982526
3.8758820181513673
3.865953160925387
3.8872930527935314
3.850370547502427
3.8486780803603984
3.8126121208959236
3.872437821896394
3.837306291768574
3.8351297888660127
3.842715626908717
3.859678346595053
3.8429332502720395
3.8299116096715347
3.8778359226392145
3.8676214942046747
3.8642469701253033
3.8701030465858564
3.790138060765887
3.855370835945854
3.7638445096403945
3.854713807787739
3.83409275275752
3.85413518277729
3.82989616949911
3.8353155859151062
3.8256163269250907
3.8200092082327233
3.82326841155271
3.8459669975547746
3.824723009533625
3.8162036004876705
3.8316416971349403
3.8272423107680473
3.848787226888033
3.8449785591853503
3.8091953976900235
3.84588136468064
3.854909328474795
3.768136636600903
3.847875264035125
3.81700859027828
3.855089225025616
3.8508231641200563
3.8421483675924897
3.6927693632305125
3.823360734085261
3.8391749410989737
3.815874035989717
3.84479960499743
3.83846913769801
3.808645625570044
3.7584614836823427
3.821591994770453
3.808363165511463
3.8180594210616214
3.7907278796064823
3.7938312304193382
3.832538249740295
3.7994452809889756
3.806440497321468
3.753657346401329
3.8046188072319795
3.802844527706725
3.8219917404746915
3.7946874375873776
3.81372942593336
3.8283219256056307
3.8112813929230525
3.741461099635109
3.7807785219941814
3.7995592511268694
3.7704247879632162
3.7709037069968128
3.7748144380692024
3.7767578323000257
3.7798233032074786
3.7785003331046343
3.8060897435897436
3.75445100046239
3.797531604457103
3.7857504353613
3.798002250816071
3.7971673131843646
3.7871011335391658
3.73676643833057
3.7743945076600345
3.738788553797232
3.7335209263847924
3.7544510004623906
3.755259834333748
3.7460937114916355
3.751693198377689
3.728443708349359
3.7193787462953027
3.7844308514770235
3.753442301689839
3.751922860465989
3.7284949243409886
3.7292560134253216
3.674117389984356
3.6491513802434947
3.6965771641027336
3.7242049802421127
3.647666165592525
3.6661630516369415
3.635118303968593
3.632039944792993
3.6311028806112486
3.6405860193832464
3.5239414728962535
3.400471770715137
3.42741899114824
3.864050501106339
3.7719592548990803
3.847314270903572
