4.278123029811763
4.220787154589662
4.192853612033049
4.192807349329262
4.170233313579597
4.107584113594157
4.147031925597882
4.108747740188743
4.069411306109686
4.0445840890319396
4.098378336403522
4.096178265678122
4.090252497744979
4.062216045753381
4.008218958453756
4.067163859610066
4.044291376293641
4.073014137646441
4.051181345802443
4.04048137019103
4.051526892542845
3.9882702871764515
4.049566696363489
4.052546598953589
4.0495062799317125
4.049023013368169
3.984932759503016
3.966655045063289
4.01292584535451
3.957022569607151
4.0321553780464
3.9994021946193303
4.0256625393031795
4.035272529563681
4.011748087557458
4.025773425233972
3.995247757930041
4.023701720873694
4.028342570252174
4.022279192749735
3.9905906074098967
4.008489558939565
3.9843227385298685
4.018995039714016
4.027949731187355
3.9509335640124017
3.92342304205703
3.996920267751585
3.9835876190096804
3.9974332270857658
3.9767506598266555
3.9925947873523007
3.987374712489297
3.967491626504515
3.970816587981801
3.9956006334078475
3.974172064917055
3.980900060551585
3.9787076319988612
3.9658270941132514
3.987215727257656
3.930646839656503
3.9723607321688044
3.9775915055393196
3.972767722725904
3.9509335640124017
3.9324365998083453
3.882828497508859
3.9736899894383506
3.9619899198635404
3.9551527313452097
3.958325086822736
3.966108558653527
3.9705510497927996
3.9253440873988192
3.970559347323634
3.966961474540459
3.952256738597739
3.955589143365124
3.9508596238781637
3.945985686456131
3.9539510375999933
3.9365103043336833
3.872958797833589
3.9189883234774214
3.9418514668874103
3.920015184900927
3.934513135061482
3.9454694589515436
3.9412218617502344
3.9433813457307707
3.923034198534437
3.930614313642335
3.9287530964777697
3.93404063242809
3.9366408022459574
3.916354904203898
3.919497644175627
3.9118475450068355
3.929191827280999
3.903360999260416
3.906603393399074
3.8997397436844743
3.91896407341251
3.882630134522917
3.9245495030281
3.8956618729522146
3.918438729023463
3.9135637941795007
3.9213662865693206
3.918366000131987
3.900083954438809
3.9159028938522384
3.9072059159210415
3.8770920993025317
3.9214391268812587
3.8741512550211037
3.889728251301012
3.8930038622696213
3.9073505489827522
3.894504034911154
3.880861632984873
3.9125483663051335
3.9072300206877544
3.8794907657910587
3.8673695780496242
3.8997237353606424
3.889505295868527
3.897635776193651
3.8885182289641396
3.8806872492871793
3.862071208462408
3.8968923309158927
3.891369352394216
3.895358372970313
3.8743566528821134
3.88293165427194
3.8781604456210466
3.86625209591561
3.858408589223668
3.8729982714197186
3.876490918809958
3.8701345788376966
3.873108801741676
3.8614589811438864
3.871009803841672
3.847509041646248
3.870166111603369
3.8689130797769877
3.8650880833231622
3.850339336485207
3.8581422029991983
3.830158669362561
3.843796214063034
3.8411929532304434
3.8493018581998233
3.846955944255584

3.8446517858407545
3.839578373877934
3.8199784874895704
3.8318967081990487
3.8233145722616513
3.822529991771501
3.820623726877686
3.7994452809889756
3.75282696504933
3.799111008024122
3.7984730138484326
3.8013837036681353
3.7859239348103753
3.7844233136410534
3.7814406890979075
3.753345910334542
3.76810674451443
3.763337565437508
3.751263583522871
3.7348859975192497
3.6580388291195294
3.6415768411045866
