3.7277487732763577
3.6224976167778835
3.802798859960931
3.5903114500701054
3.646336103909064
3.5683699685983443
3.5396251723238574
3.5253472467038005
3.540601380461844
3.5481455337251235
3.550074738415545
3.5309225185512814
3.489375769040054
3.525536948554994
3.557339634193149
3.5740755371459314
3.548165411736584
3.5844863431070326
3.5090505801938106
3.4928910475364088
3.497320868145481
3.555854995976269
3.534495748373667
3.518505487016715
3.4956479183416644
3.513651460569433
3.5511164523225234
3.482264278199926
3.529800807767048
3.496265436471937
3.4904655178748576
3.5243402064150415
3.4702499127871405
3.481217913248049
3.5171702699150513
3.4753088452097436
3.464978188874137
3.4512824238901403
3.4254478322323823
3.4880753718012976
3.5082212395099566
3.4475375509419037
3.4580097515875
3.4108616195489048
3.429800999335702
3.466236123653413
3.5190203047471584
3.463519117714077
3.4404209626660003
3.4509501918909935
3.4490332722793933
3.4252255240595053
3.4871471098891824
3.4891514934486594
3.4540053737052023
3.5062984192130395
3.436370180264745
3.5323010338487393
3.459634262032699
3.483145243490185
3.5228045974454107
3.4385530568736677
3.4913121453561877
3.492929575186228
3.451934536786722
3.4218820351193155
3.4508123030539686
3.4033162630154457
3.4645422336815503
3.566601591830605
3.5243009827235054
3.4572169403630073
3.4969732776026223
3.4497346427799775
3.4518341956862972
3.4952170713760116
3.3901026844260462
3.5546043351206134
3.453528233502132
3.4968638652492707
3.4773505517091174
3.489273239478005
3.6195715951261516
3.476504320014053
3.4253366745389315
3.4562798786300033
3.4739109289237824
3.479458376521347
3.5319595869466207
3.442047692288183
3.4472560748816594
3.400739571363625
3.445355751114754
3.5592655174610073
3.4328312365961486
3.545364808708909
3.5015683340275037
3.45899812849996
3.458507017128711
3.462723778524187
3.485221742647558
3.4907925752679185
3.501013451262207
3.443663477955116
3.4752071406361456
3.4506744252356905
3.3870024671639025
3.4439193977853786
3.436525564132802
3.451972166203376
3.480255047743604
3.4194925473059796
3.4610963660309784
3.425311973808983
3.4976685277944988
3.520891860439259
3.4999300013999717
3.558358959760579
3.360161570716369
3.425151427747332
3.502413900527759
3.507761383608785
3.4610144051062717
3.389770030864748
3.4692424270089655
3.432297923459756
3.469426138656529
3.4598421583587964
3.4862449288897777
3.524627873499251
3.466957161182488
3.4933662812932074
3.4191725602404213
3.457808368260231
3.4618215740720495
3.480522811163319
3.452950819076281
3.4551988012278687
3.468710406496347
3.465287846870754
3.3708443255384033
3.5138334073087734
3.4367679910282267
3.4231767079850104
3.4539990946886583
3.3141750756591284
3.5622150227981764
3.4665017341631046
3.4375265729850217
3.532215665934197
3.4924865585221267
3.4203728206374495
3.52842424287444
3.4774842049006907
3.4676152115154024
3.459949266217602
3.432905665559103
3.469077736554585
3.4678747038617526
3.446949630994971
3.4564747959315474
3.3823356629911956
3.4659895217664145
3.469267765389854
3.5079232909490043
3.4223504703030043
3.5193201414396245
3.4711248088597717
3.4514328896122772
3.456223293853562
3.4250032447399157
3.5187335522355996
3.445730649048706
3.4497972790177887
3.485426331845607
3.4200157320723674
3.414772666002883
3.3787989258976046
3.452411236690046
3.4990856336752
3.433315082553158
3.514262356331406
3.41996032846019
3.472685500806943
3.4411562284927735
3.4528880682726837
3.5152766522725334
3.380752840277222
3.3751556568497008
3.4893629525152803
3.4515143973565037
3.4204097650898575
3.4397296010456775
3.4882931047460985
3.483241027446106
3.448250829395068
3.4155584078464365
3.4253057986821585
3.484991608507048
3.4543570350708146
3.4432328694634173
3.451238540525714
3.4113331669560316
3.402140125198757
3.468761068086303
3.3960166512058536
3.4416112537065247
3.7809365180758614
3.306009455187042
3.4445000398836845
3.4240773913576286
3.3272334054233905
3.4612981325385705
3.397285747492267
3.4250217669146505
3.237652190953318
3.401841649642538
3.44031506043185
3.542879092724604
3.4788085629957304
3.5414923103018285
3.479381915271557
3.522197257876745
3.555422487111594
3.4754868425384955
3.4902795713936685
3.5131641960493547
3.6316511779929583
3.3836969917152855
3.4767524204601394
3.6108080988525235
3.55410564672564
3.453446630617531
3.5157775141972643
3.373339961650451
3.5076318684970347
3.483285728428378
3.4671912466194885
3.362099932227143
3.5035505719085314
3.5511629124021566
3.286207958157925
3.397334344189307
3.680287604791347
3.908692933083177
3.9248089237760793
