4.644670485074718
4.550200687798756
4.409355259432539
4.302692126526323
4.226411065189054
4.1119755878501945
4.169318206754296
4.202294010182822
4.338058011251553
4.426871576455567
4.261608959247804
4.129456281011674
4.1409401677734605
4.10216551158322
4.400348322309303
4.1293396099295405
4.021410837913861
4.131368831214013
4.013815977100124
4.036146881757891
4.065231996371246
4.164000245456857
4.1652873719448165
4.1317461629125765
4.00443438418122
3.976642457983633
4.007280596114625
3.9625270077498684
4.049040270902105
4.071905566080598
3.9005323200160946
4.043353259261939
4.080861190580513
3.9242009603965506
4.0704313157562115
3.9227993095873215
4.2326156450840395
3.9838966703010987
3.92554683900506
3.935963938284085
3.9121858411817274
4.130066667970898
4.156375990147201
3.9819596271209177
4.080361648895618
4.120161250100294
3.9032727915179826
3.8801721162662943
3.943479560322784
3.8968523687734966
3.841348272808511
3.8874521229580647
3.8718223037342705
3.898779476824834
3.9860362855176814
3.84286329721716
3.840012934780412
3.8108150932346
4.030222425854514
3.8865535475028894
3.8948153857507157
3.9190529917844277
4.057141636949884
3.9358416383044394
4.0465566997135465
3.8866728035184614
3.9660754431045606
3.886243516109502
4.0713471444856815
3.9206542127429516
3.905318632891827
3.7841142882180607
3.883900007972216
3.8559733085468664
4.020806616131476
3.906667653614284
3.984556697096097
3.861639489531908
3.9248981075793914
3.8974598818044006
3.954872819616169
4.02533844621936
4.05143186131309
3.906009086610612
3.9506953223767383
3.921398659707216
3.661859993601382
4.03434715769626
3.7866407314992707
3.9392199100613894
4.039046954983759
3.895629923358607
3.9253197586134947
3.918163989598306
4.020508827132933
3.846270635748049
4.000597984119731
3.908282885629244
3.851697483625218
3.940396320914172
3.817223311581857
3.9472973478316873
3.895741749229053
3.954288425797778
3.7313652672737665
3.869346426658575
3.867440426151225
3.8062879877557725
3.9222405489485297
3.8962849947912823
3.8433063762475577
3.8715067292899863
3.904371663303427
3.9029360349867406
3.8647107162325987
3.9671022823365814
3.8927007762864863
3.9532928849050792
3.934619056395516
3.841464770735317
3.76864487464297
3.8535254687610916
3.7016544447128688
3.849949241458685
3.721126992271807
3.869764107326889
3.754087509755688
3.8056475810102195
3.7385752093110196
3.939211742997533
3.664148047009091
3.7704098237035746
3.772813108738431
3.9862369922792884
3.6021279096662155
3.938942248887249
3.937725901117485
3.862000556941133
3.9206542127429516
3.6269301472342748
3.8813214469566355
3.645475581069621
