4.138892519496362
4.115288730823296
4.159114590173982
3.9846486169074935
3.949997193423047
3.833659530679365
3.8643255633271436
3.8711990937319176
3.8379496461006433
4.0398885841253644
3.818051748667701
4.002561639449247
3.8274890261860683
3.7937251785546704
3.7667172860603704
3.7843102497047245
3.8398810041086726
3.803773343156411
3.737258897626644
3.7782598925781055
3.8646006647113142
3.7543026284070296
3.886466097742577
3.9290699477847286
3.7210322535158857
3.6870365734622634
3.6924894764049925
3.719269535463235
3.7076064473324744
3.688060002795161
3.68511291961799
3.769736554936966
3.824769205374002
3.663286160490495
3.675041247502423
3.691026144120973
3.6920517897706846
3.67062514610054
3.625642836015991
3.8542446390499894
3.6061205355278796
3.6094567767550987
3.615205172407232
3.6858420985244993
3.60788722124324
3.68428400788049
3.6110482873178085
3.7018780211708453
3.5963869560937938
3.644203031976923
3.843796214063034
3.621945175187769
3.6834911741612784
3.612119230352448
3.5972312678914924
3.6045060119366057
3.6365724347809443
3.70605159213927
3.57375957626497
3.6969727630396125
3.631824724315831
3.6252485203261964
3.6261548826175494
3.636259246146044
3.572758282217818
3.7170284900452106
3.62327822772113
3.6310473660573517
3.638564184272211
3.577918592936436
3.5954886079782
3.6479743182607995
3.6382924536069843
3.6067023920029917
3.5424035021319673
3.8657407878379724
3.549497746068931
3.628689565607662
3.7796879569195143
3.5293024983746633
3.6296392520650738
3.5833641376917105
3.648345571292513
3.5920626758220155
3.6101631793757076
3.63878020426963
3.6138024429304516
3.589639921330207
3.647505106507149
3.650273098063626
3.7648438877759483
3.6436788883327482
3.6222489972089624
3.651360420021754
3.673378638336539
3.521257274176211
3.5914583778327627
3.6451608571116125
3.697303692633414
3.6431409243607247
3.61592070856821
3.5832019492618605
3.5621949870542333
3.5682694456599515
3.5956791291643637
3.5232488062676746
3.5803390392631282
3.63481231933548
3.7096405748771426
3.5895381964648716
3.6813358211413307
3.683605435450631
3.7507822355056946
3.5790980672870436
3.585203299896595
3.6326788138347705
3.5965571483466245
3.532373271461027
3.5257397558703567
3.6455595166371824
3.538880186554863
3.5248305762355923
3.562388675353895
3.714318109842161
3.5214204297986305
3.56679575964302
3.5931767464730133
3.7378250186399433
3.5326885247120856
3.713149434721856
3.648016343113217
3.604512850088311
3.706456452062838
3.732472114504387
3.5474631904016847
3.5583522956054345
3.6103209575331245
3.6832555326375216
3.571999285600143
3.693307726399764
3.624868121574261
3.5948015385750582
3.584161777744242
3.648527723049862
3.473802954926492
3.5745798457662867
3.61780722799802
3.64316886662934
3.4775987729567275
3.547330726978757
3.509893280771142
3.5781476871041678
3.640404659717965
3.6653072877883535
3.5687520074230044
3.656419710796445
3.682163406660065
3.581695650124888
3.530601019786231
3.5974424077871374
3.5714419979022476
3.51698146735871
3.6678899401361753
3.580352532816758
3.5912140004422866
3.6227462704780504
3.5817429138044146
3.6660498698552297
3.610876720867827
3.515992213002509
3.528286645435047
3.4514328896122772
3.6886327985462906
3.550751451136054
3.569482800728926
3.6736343264391467
3.4880625648274783
3.6104238637616053
3.5620747773234567
3.6607523038655616
3.6047863974333922
3.5378192881907595
3.5376809570357954
3.5544779874919787
3.672143314090014
3.6336583863879333
3.5693688040923752
3.467963319899539
3.4174936101862894
3.642072454239276
3.566916288229364
3.659180112548677
3.6311167595149594
3.656384528489971
3.600053053413419
3.5118070650164865
3.609635065894838
3.643245710078176
3.4928139947865153
3.4885428907168037
3.6711996321071525
3.6483105441935217
3.6166365280289328
3.4305379264023226
3.544095071282944
3.541017091930395
3.59386319486872
3.5347982281358776
3.5543117542960405
3.373369907764965
3.3628497142462708
3.4398230120538638
3.4874159349211475
3.540040654572149
3.5497431106959363
3.3322868783311907
3.4837839027180846
3.29663084327817
3.5573795967429382
3.296636563169629
3.5027754886832696
3.4372591657229283
3.3876848739870375
3.385903947251181
3.308231402080703
3.177560402914659
3.7516709745064087
3.775286971484661
3.8019998519221114
3.7106765930520504
3.7855015291433807
3.710669346160531
3.5699925218051383
3.7515450442089966
3.798351515442298
