4.444423651819172
4.292844280462814
4.061573453555908
4.0259781537711765
3.9775332176359637
3.9901129201956413
3.961007013067154
3.9285906284504395
3.909545463898434
3.94092756989961
3.9431276473432657
3.8953104562433625
3.9237147252883413
3.9170008143238535
4.003388130586306
4.09684068895923
4.067102916969024
3.9587044618766343
3.8891629497868125
3.905744116202054
4.015801120619871
4.039287384667715
3.845741246384497
3.9416143192624618
3.8350756014508693
3.8423426156241782
3.908106028973464
3.7973570395005076
3.9281520318883247
3.9616594766022306
3.8712700822135515
3.852431593994262
3.877250335688253
3.869220352099052
3.876775665275108
3.957747916454024
3.909633955376673
3.849847829698942
3.8839476443857537
3.8957497370368928
3.8326310205086105
3.9719372183060315
3.9366244895337585
3.805243625716237
3.9016376610708967
3.911944195086598
3.9099074998199383
3.840959997412406
3.916750498870327
3.947248144793372
3.8564976911757243
3.84931745523649
3.798199653364305
3.927234544781842
3.9988466484403444
3.7957335954387266
3.839555096605227
3.885758694385079
3.822953009871267
3.7275439997331863
3.9919237080349017
3.839190456176651
3.73322015781697
3.8085616465815155
3.759963904346518
3.804367413791032
3.7665828767177603
3.7942858055768016
3.87137262572792
3.8368336025848144
3.8102495713469233
3.8092870418079277
3.775632070616243
3.8533847929211293
3.864207674723201
3.837399293514593
3.903585546049982
3.909746586688342
3.7475714750638565
3.760179697008678
3.7840992150981574
3.7540800923108537
3.867416809828938
3.88079029230521
3.85297845373891
3.7887172001778704
3.770005833587974
3.7046352786568164
3.8182972805684843
3.8711990937319176
3.834440948600328
3.861772919622278
3.80740158868841
3.6949165726731747
3.8245690314580867
3.899883824513438
3.9018700225487013
3.770402341618296
3.8160426432723167
3.883788860884727
3.8273656645011833
3.7219142392603186
3.8775193671888393
3.7605592545384012
3.9116300997877427
3.9084597582926204
3.6255528968167647
3.849793225579647
3.9270397354415336
3.78262263163029
3.7179740563684005
3.711858214830632
3.7938160797899423
3.800919822597068
3.896764454945199
3.6600471182907963
3.7855543246969563
3.7129317504519026
3.914862052623988
3.911702578841395
3.7565220142075617
3.8428011188618836
3.9044518971526267
3.7215351528375726
3.909738541379438
3.825061804946006
3.9181155101695717
3.835091083413231
3.8746568889360193
3.895270526538068
3.6603080052862556
3.810624019767111
3.7473719089112505
3.802791248776602
3.8520723135343578
3.8088212299686073
3.8703395509998715
3.7795075102792657
3.8621968175498225
3.746714230217842
3.791915635864337
3.745399565139398
3.7360390121126317
3.8010034649147375
3.7823741365237993
3.8224992304705494
3.757361462127774
3.763218304293832
3.7395538515436484
3.785939022470544
3.8114343029087263
3.8428710696530493
3.803940882754534
3.8003420307827707
3.8352149436122476
3.8163109128414847
3.8217534204693115
3.696231983300813
3.74533311781241
3.7160252611485647
3.7911438878779173
3.8296723009880558
3.802692306152756
3.815521541631356
3.8091801240990786
3.63424221267968
3.77056695435431
3.7568265492954964
3.763427016256024
3.617214896833224
3.6951249632918506
3.6653355711171556
3.734115270173066
3.608784922116723
3.6632225947569648
3.6481424234802127
3.512242011960108
3.7365386279430157
3.5725836172597156
3.5036345598512986
3.713817159008059
3.61761435469376
3.479018770221797
3.700363998963898
3.727609817347119
3.5779994463516647
3.674941732831736
3.5992346890450664
3.667281097096092
3.5269832783866466
3.669724770642202
3.5845336804671217
3.6339363755118588
3.6505396073940717
3.5147304201767726
3.558219017744276
3.514255856322424
3.5969452469208254
3.580831619873993
3.5619478980757977
3.4544261198249515
3.4978101867278353
3.75613584559514
3.3586884851784613
3.4676531835793845
3.4803697984499533
3.80535032255351
