3.965054651669949
3.863224676562245
3.8645351608290714
3.8470251809170453
3.8160818167941524
3.8371512988757144
3.8197907603505716
3.822045558783061
3.8015104668254853
3.800948547826491
3.7837224261228197
3.8304392236976503
3.7825933459980163
3.7929871881321646
3.774771940861906
3.764635018634943
3.702911311159752
4.051462577990654
3.938489545498306
3.832527083191388
3.8199691006943857
3.8640539937144722
3.8110240221547533
3.804242152693826
3.778845184911491
3.777037291948196
3.800081912876789
3.737138016659331
3.79794910748196
3.736967326449009
3.773616550243608
3.7358194519967953
3.698696004175417
3.6574512441429983
4.116468618787563
4.0508608079216835
3.9866756440695985
3.9938760567130402
3.9178470994871977
3.918358817178085
3.905961799693599
3.8711342423330035
3.8251969976453783
3.8380676608683415
3.829999106333542
3.7951144226998443
3.8182998383586404
3.7869543629921987
3.7791466686822117
3.7834679267016145
4.108407170539982
4.037956793862306
4.011463872310648
3.935544526313488
3.9323118061108127
3.925108921772579
3.919980138767297
3.881853628239191
3.8803138742778307
3.8846349738002948
3.8608216686471253
3.8582231596275527
3.863075437278678
3.847913362092923
3.8520306621640708
3.8220617899989384
