4.008248083834736
3.990794567198329
4.0358744394618835
4.013288443958886
3.962296547078687
3.983481828683725
4.014272970561999
3.9811206412258313
3.954045207916877
3.945378427547509
3.8835789337418283
3.903793185712117
4.321853210656729
4.161888202434242
4.038717841709186
3.983816850659986
3.9546706857838374
3.957957693829984
3.866693590310925
3.924509872322612
3.8739669421487606
3.77469278194858
3.784931766091217
3.7503281537134496
3.358472119083958
4.181359499351889
4.187137114783385
4.100003644447684
4.009283719189768
4.0789133774762405
3.9683764490085673
3.9721595748906555
3.9473684210526314
3.873233375221635
3.892935619495822
3.870135454740916
3.822126716241066
3.840393256269442
4.363594049997091
4.223646790497733
4.148937641467248
4.145402288262063
4.08407754301895
4.013753796342132
4.015150501224621
4.002543838973214
4.001938716978447
3.994531929625224
4.025386772579066
4.031282754172378
3.9566004888599715
