3.999111308598089
3.9305944368986734
3.9981164429202245
3.9436841897700834
3.948927208108464
3.927438393764973
3.8426232307922206
3.9511983106432114
3.931882323130827
3.8788923607369896
3.8432631866630227
3.9141156055789192
3.8096205617920456
3.822224109740301
3.7966513535062076
3.810911061804509
4.009140841117748
4.019885031288105
4.122313625620637
3.9808212876629923
3.9645481296142937
3.989167194861953
3.944963377589978
3.8611363753367773
3.955105161851692
3.888915295103856
3.861915080778391
3.8394266456209207
3.8244655309420508
3.8442974119335536
3.7431220133005603
3.7089848096466573
4.04348998113038
3.9927066558419955
3.9989158494808072
3.9057244901944617
3.9607969123387625
3.9532289095237676
3.9258793969849246
3.920697361370676
3.862859889779731
3.864867070044274
3.864302858296014
3.8398361669902084
3.8428529340182154
3.813268479522748
3.884500841641849
3.8434929664078714
4.3033580537345975
4.313815713792707
4.268761205498165
4.081873307723358
4.047272138578598
3.998223011994669
4.038264802483981
3.9706699843820314
4.002187862698275
3.9789557451699897
3.944755885356628
3.9538714991762767
4.022867768336455
3.91644908616188
3.95512254288012
3.952412948104818
