4.008658702798043
3.888948903532462
3.923620193565263
3.950227138060438
3.9081328244075926
3.9325867244611263
3.8591165195914483
3.8560080890480806
3.9185635416848084
3.8053681059414477
3.8084115115585293
3.853845066864212
3.8070421820273768
3.7955785726937643
3.777417757221164
3.759335683614309
3.729395092116059
3.834012805602771
3.81241236746572
3.8189965374431396
3.8848361894073467
3.8074609312203336
3.863622704364176
3.838656981877274
3.8344375093198133
3.855859406797452
3.837462158359272
3.7382867016681063
3.854521782330872
3.8099914910190034
3.801863758100082
3.78327707460202
3.7036274973765972
3.742297105125284
3.8740669955319094
3.851667986219588
3.9014747574583195
3.8650828416089054
3.7774970304676123
3.765123245034221
3.8479956218360925
3.780750100820003
3.803856264951268
3.7850431915484193
3.7941384776230143
3.7991354856139403
3.750281271095332
3.775706266833357
3.7818304059164634
3.671236676470228
4.2455433587908695
4.141110645875224
3.9800643001499156
4.037703174980597
3.895243907189322
3.8643194504079004
3.8360882129796177
3.8172633614821163
3.8957497370368923
3.8769206911257283
3.799071338117349
3.8358920153776648
3.860059959598039
3.821639823185464
3.6888118337083626
3.7571385632702134
