3.8456279483147604
3.8018316379980397
3.817085273685014
3.809797953715188
3.755774503298822
3.748484987317626
3.8023616890935594
3.7593827928872474
3.7430908780875303
3.7364708617547295
3.7395914704073663
3.7253505968839513
3.7406483790523692
3.7415347775657573
3.6928227937435376
3.7325193676282744
3.6612751000748527
3.8389189604207457
3.7922040711417484
3.770138824889619
3.7707074685145927
3.780765983188194
3.7807024545160495
3.7701704117026087
3.7682603616692556
3.728823390494815
3.713147015867515
3.7046641721927904
3.6882071624983093
3.7353232922309427
3.7167966168891238
3.652434347492604
3.624092970064992
3.6397165874017277
3.8782404853833428
3.8118149321496944
3.8254246221330566
3.8570987760139883
3.840934115176811
3.795034408311969
3.8020564901104286
3.7463473113714127
3.7583309669767986
3.7323955343960984
3.701190549626797
3.6737842835508348
3.6847794045396483
3.6772216547497445
3.6648830902294214
3.653783696005197
3.6436509382401168
4.007177299785838
3.9598035937417504
3.923312321816232
3.861285464834415
3.883109766883977
3.8885120392653305
3.825749846970006
3.785727806170736
3.813268479522748
3.7831657531021956
3.791533085338984
3.8070582860623596
3.7731261188367036
3.8062854460332165
3.7864445285876562
3.74408746188311
3.7283754225492145
