4.327472012906963
4.20862249627429
4.322737822625875
4.298733306585659
4.386946696347923
3.6652791861952427
3.4470933048609322
3.606786307159471
3.8128161460054395
3.745440646290189
3.618915234798004
3.3521425777976424
3.764682260817187
3.4260775453120718
3.161488850482654
3.475173892355152
3.4860459836280975
3.2983454991538474
3.601134634420199
3.304090718470291
3.497848822973871
3.7056075343552575
3.18534545071413
3.572092614286355
3.62619338954243
3.3042110899490984
3.4826217176290313
3.644117366742103
3.300363547738489
3.5631113819481817
3.57708573907636
3.4180543382997373
3.5761476453818637
3.422902199785147
3.614658831816412
3.321925217500924
3.0545232398309827
3.395219183162499
3.5707516981671055
3.3682537763306764
3.4153184915851806
3.477839031341572
3.0885389072749345
3.5649613658738133
3.3713226649700556
3.7049246047842925
3.0811187463164833
3.570656891001578
3.5667512931759817
3.3033602797183845
3.4830011681450075
3.309429072570688
3.2288189477030675
3.554852282215165
3.5285368153055257
3.25704607634516
3.466355464976033
3.2654182163448415
3.6259472787265676
3.6170558093162377
3.787897182872877
3.5041375778322865
3.6043163074056683
3.7326396366131753
3.4788689929298675
3.700705885925266
3.594933908522759
3.302845528455285
3.742493421848101
3.617770488640201
3.2794935789197512
3.6132723832959344
3.503139801327061
3.2638605277076653
3.334288022638961
3.7766727513060996
3.0989125200833367
3.513773089543552
3.5491714959666854
3.327446312933528
3.757601917725861
3.5868269641096577
3.6303485972426106
3.5379958070213795
3.4843734783785694
3.4684240014940904
3.6701391829705536
3.599745248797777
3.572717628888079
3.5878993953009557
3.5336617524606515
3.5576832731415893
3.7510171027143895
3.5771152674948454
3.5565996354029394
3.120561701106199
3.4751119609789476
3.6595252751212337
3.6476313310954964
3.485877726135145
3.2414991684307903
3.6019594659494767
3.1996797038573366
3.1342294014827314
3.4752729871486188
3.7161367042822278
3.3198411583691914
3.488606122951003
3.286341459304138
3.5955901469766616
3.223268361058951
3.553741223853805
3.531920866860168
3.626749790531951
3.202275421961369
3.781268179173938
3.572288930392576
3.550570594902655
3.205963420779411
3.7739865878322796
3.685768397654717
3.4417362588679867
3.2201598520377837
3.6526053846895894
3.672406292432772
3.5650689063831185
3.339898946647255
3.599499392699846
3.6399272014559707
3.3419166320335565
3.49998025652163
3.53529218736686
3.544436325564656
3.7658346103375058
3.6008852637925446
3.585353005583038
3.6425789458936926
3.7135571497401467
3.7650929543525926
3.677989215003932
3.6932937361738234
3.7873380548814417
3.308831015454786
3.885886460375915
3.805691167185965
3.4847439696058844
3.6395365656773038
3.6660130510064617
3.6247138567234263
3.5424949519446933
3.609974637614085
3.730665110628569
3.661521446657735
3.4328931014692783
3.6852250822088672
3.5935128799794342
3.6028745395942052
3.791133801748977
3.579610538373425
3.5211362977689538
3.7292096561668697
3.4808468632660876
3.8192832674262145
3.562011422183294
3.792903574665738
3.7506816142548987
3.534196523075585
3.2667365804136526
3.7399273686925887
3.6294634257109326
3.6577576819945468
3.5990542792755384
3.6991438853151575
2.9429409034828575
3.55695320508845
3.5798766870168888
3.4973751750929494
2.9469525865553976
3.7934643472712346
3.498761976531381
3.5878300803673935
2.815061299764329
3.6882153009867396
3.542720209583694
3.488428257342247
2.8384630668647284
3.6334094796584964
2.874588344207631
3.6779996208831163
3.4782608695652173
2.8836001526089925
3.6810858259318335
3.6854340307308497
3.558767571414884
2.865624265224547
2.951517912686532
3.5577157275665496
3.370093273812301
3.4599037082183357
3.4227760293340683
3.4263213520439764
3.6542823973216922
3.480340537935712
3.4497857152334572
3.5398872682054585
3.5293830185998485
3.61584854230311
3.5490196970593186
3.3953994948690287
3.583606927939178
3.34681499064179
3.564391183706894
3.516485101824786
3.560044254088574
3.4492121203545083
3.4812849690611953
3.385881049657852
3.525758377066298
3.5862266826299734
3.3959908151509954
3.3813924574139627
3.3499053437002884
3.4404823026883404
3.785375057872561
3.467853443178332
3.4655700062913426
3.301984238528568
3.487754404854954
3.685813681173336
3.272207380757407
3.4615988858977125
3.4365018173807687
3.4821521843362078
3.4067145470205222
3.4717863943361813
3.4609200012778785
3.624242277808393
3.4927114277040077
3.4486570133745995
3.6269993834101046
3.6659648067378554
3.474737323222739
3.6518221656241807
3.5774204230345514
3.68006461816027
3.436265642718245
3.5527150030243626
3.6335685836070155
3.4732550455708875
3.4234129847421118
3.7026769404875384
3.564114303887352
3.4644801947215536
3.749095170300245
3.638969443853501
3.4858528004805116
3.6165258539869414
3.3764333608931096
3.6880862520438145
3.4628590607483147
3.69679809889788
3.558650669163197
3.5325798974464884
3.634594630864978
3.3854401766678937
3.6647315631113755
3.6854653750528015
3.681937265453516
3.409883766680015
3.5226851893669107
3.695267404709476
3.6269521605010033
3.485413544317033
3.5902378670673003
3.4746846946375816
3.61495702372246
3.5574431287985973
3.8892152062331156
3.88121878231239
3.3897568501336344
3.665172404071161
3.62942964908999
3.6575347090665598
3.538618577747533
3.738744222921186
3.5130229562538564
3.6449211295143282
3.611124485646243
3.475263696771658
3.4859618528512937
3.331513814250166
3.5988915414052474
3.7731723575458123
3.691727501287372
3.567677935650068
3.7108505269407748
3.544616726955447
3.6483479064563595
3.650041507523297
3.4413535990823054
3.611739821376314
3.686472159573201
3.60932649967516
3.6459672330380726
3.6120977489221597
3.6556833690777926
3.466814584088921
3.5698757408636355
3.669434737691869
3.6636092751314204
3.469895983195027
3.733197023780465
3.6156541135482265
3.4568308306764486
3.643981170895242
3.8363850628872043
3.5334920686693416
3.5878498843608386
3.4984575390414405
3.7307971565585976
3.63640093278346
3.6699595928038677
3.319739425991517
3.589444823330287
3.5906642728904843
3.5558148970409236
3.2706267527204904
3.6428851650507204
3.554447297116249
3.679425783151626
3.3559068262586798
3.4612517306258654
3.477950684442859
3.7457859907603943
3.093875316824732
3.6246734308649304
3.5356799973890367
3.307012902438032
3.4445024416223076
3.3067577409926887
3.6662887569024933
3.741918894387697
3.309867223403307
3.6392886403804274
3.291305888905767
3.5905650997072307
3.5637202315138863
3.4303446528843042
3.617599342524509
3.2724105583068046
3.59480799116599
3.4691027477072787
3.155028387165668
3.699929985940266
3.2543119633514404
3.409868859940948
3.513608475904754
3.530555600819089
3.6317786216748273
3.3190528954906835
3.1578819518949315
3.5464894755651417
3.512099181680891
3.6943957910411847
3.5478864603555524
3.3033378958923416
3.1131386424320793
3.5479187362859292
3.561061707720838
3.5685854676219497
3.0698098370875537
3.6794986824564337
3.393995934166922
3.265207704885504
3.0235698902056494
3.6535634890969235
3.3746570180319173
3.0612076699735558
3.3209889053424493
3.579370709917702
2.9342745081516406
3.3704660749626227
3.4282730557955836
3.0228972842755857
3.697323801190159
3.07824180299726
3.7601669128451154
2.8503104645859887
3.3333076925049294
3.140351993197515
3.503382111191958
3.0272640053652435
3.27282248210857
3.281350570239833
2.960956373724321
3.2099795795914434
3.112480247721505
3.7992995650289085
3.344409904598564
3.4239179102512103
3.6852599053171686
3.606946423897592
3.322556323719218
3.360860794007672
3.4573395329045638
3.928018556362534
3.6613736347301007
3.550771018060678
3.862288613973166
3.452500672795003
3.528013330462676
3.429871010466383
3.632174359270473
3.60210251953217
3.387781055528338
3.719801648730546
3.4683715639776707
3.9033803273634966
3.554904126970237
3.58233632626817
3.8414826941204634
3.3957187822430024
3.477358384579788
3.5069104119270924
3.600426512063737
3.7094916379498115
3.6860540507843735
3.876500653041264
3.407408054588424
3.6229628962151184
3.3510135097398495
3.403049306694147
3.3580451011288193
3.4205515507815965
3.7743847027091375
3.72266703320619
3.5583324741633127
3.559553613722718
3.512494573646203
3.751089258611635
3.616076519887957
3.5176332641832775
3.4754464166365167
3.5734509090309348
3.53666753420819
3.7060476996847007
3.4852889527957824
3.377927753920561
3.4413596723825592
3.4910512719063465
3.5336649541982657
3.383792328856026
3.6985299765854602
3.747272418057241
3.5779652386915655
3.685367861135339
3.5843776279691744
3.638938885421011
3.4980715759260916
3.561243805490342
3.543476641220264
3.835792666554543
3.5141561925289038
3.430220950206385
3.412369050337693
3.8078240043272498
3.560466768063891
3.5998781579700383
3.7417106717426005
3.6258832279657867
3.53678299659834
3.558011090046875
3.6172235490527975
3.489033698697785
3.362695122540059
3.6098576883026725
3.673637786849884
3.470705024779944
3.642303392665522
3.511428800378874
3.658900415988832
3.728229291837185
3.752132221291137
3.5039423844058395
3.5757771355641292
3.480881037766667
3.471953294215993
3.2506934812760058
3.617706726429945
3.61909322227357
3.6205513635553443
3.693807946612163
3.6274446884443567
3.658032147536878
3.620719427666381
3.6528414423291267
3.466050479914682
3.1388582604286555
3.575141218078114
3.6622125397913474
3.5391195215110405
3.634909672494638
3.3901752720615654
3.6772158761438263
3.548419088311053
3.426938548840904
3.2195670425304805
3.6328747217124815
3.3528889867053655
3.6149804791054128
3.5617186479716008
3.463317254068954
3.661552385548322
3.7458435543637156
3.4792196913129234
3.6276707563228445
3.3958222678868406
3.4235422074473454
3.599329970882343
3.3951364235458805
3.4148160990191596
3.6121847326844363
3.503489115827147
3.7576489835559497
3.6658269729668755
3.5122067194818505
3.710296262399763
3.300525545221431
3.5258253143408878
3.4287462569520026
3.4087542052227358
3.614159721765304
3.752457137798886
3.3273725019111065
3.4578637140648163
3.3673231507783696
3.6733644344855447
3.6425551310058966
3.5512560064031877
3.3463124494835523
3.6478189783862045
3.484186705951616
3.5460541509746193
3.246618106139438
3.745800381495362
3.5817803101270704
3.235268742990251
3.1630016398946963
3.368102514677154
3.471780213167305
3.3480446989721506
3.5562720785224875
3.6419530580265844
3.2090709739530405
3.331109746400053
3.402832552717729
3.5085888455663135
3.545406199006377
3.324799680819231
3.587318552967678
3.6104759347892497
3.5624278950892387
3.3121666070759765
3.4316365210596897
3.3860368522359563
3.359728740670292
3.4953283592122064
3.143371596494254
3.5510716952269954
3.3121103493257307
3.282319910047602
3.459596788429689
3.670453508059469
3.3333589745562144
3.6391018696585684
3.719794552885464
3.688236228693343
3.4591150342008916
3.6585812022097826
3.405875572012436
3.567266760208329
3.1115093133856333
3.6651448484039704
3.455271947621621
3.386866080709887
3.2717462064522196
3.6120977489221597
3.363086589131712
3.7789123127621624
3.5406103467528514
3.5646550739208918
3.773522835134787
3.5540197330111023
3.5017117983444983
3.130521055162189
3.175169199881786
3.222818214046364
3.108981768612039
3.242401971380399
3.216441790650876
3.15791519297291
3.1287278993480214
3.368413779403445
3.503281406917813
3.498862421141024
3.682910821619631
3.4572169403630078
3.711867697614126
3.5716019184081276
3.6818017038245427
3.373626544731693
3.536244236601941
3.533283988153533
3.0502183252424335
3.380665540356045
3.52414946008223
3.5947218422672926
3.6391935547082768
3.590376685750899
3.2794935789197512
3.2614776835480193
3.6834117081491238
3.286482696668602
3.2909698319327023
3.4885686760524077
3.3310926752688577
3.457131130756677
3.3084604969816658
3.4626622900982955
3.37479718766901
3.309358866875524
3.523999793981551
3.3125632784523704
3.4236954842334435
3.3871455221936198
3.2454590618626105
3.3788701058366084
3.5413562304714636
3.1707806868561383
3.3163096106652517
3.5936155273676857
3.7690518321940814
3.634090000568409
3.5956929130736626
3.7731979110028386
3.45765831420539
3.4845042309922527
3.592807751620909
3.606679570564686
3.419115133003579
3.746577645420049
3.5169639402981843
3.636655246947541
3.467625272408639
3.477826625883947
3.3638175706854514
3.5909519061048942
3.3522174918708725
3.219080729592266
3.33898106284048
3.1721166070064735
3.3427788263246403
3.1242164425108125
3.4612117968747924
3.1799198660193766
3.6174349232732776
3.215108039995944
3.296753458632507
3.172766921220197
3.7992144393528475
3.300631690126541
3.509975079176938
3.15856737102719
3.4104503193580653
3.2956892384760734
3.4781678082191783
2.9984292843518126
3.5700260611902466
3.1136730164306132
3.3726579484900006
3.3165549667961822
3.591639767740628
3.5280484373911625
2.9788069343570243
3.6291898531573956
3.2815493624959298
3.0502779663562163
3.2900647636594633
3.539434289494868
3.710899959846159
3.6056292192795767
3.42383675146369
3.28556902264431
3.057744325532165
3.4268482134697984
3.5945826873837525
3.240575326758012
3.3423491057930623
3.561611309485758
3.541935149891971
3.517392151345267
3.0252656222001746
3.522882476640579
3.499066467010532
3.6221586951312617
3.3598213608827194
3.2804480250861747
3.075678246200946
3.461574306242816
3.342277496445617
3.636550126113694
3.4842738639257043
3.3698428443547352
3.0335605133095522
3.344911874437154
3.4775537282051006
3.5694248558272688
3.7552320492686446
3.275411736052205
3.0026885611424383
3.5705424752648383
3.2636010574067424
3.7138365169165257
3.662522069043237
3.3773631799866117
3.542488516433059
3.2961460446247464
3.717939918090923
3.5559186442285164
3.3234651982063514
3.411986922466534
3.8354380709516707
3.3384380047782463
3.2846779878567984
3.4997321358865223
3.370914710671798
3.3890881788604323
3.7827975825013604
3.311145826258236
3.419022212247639
3.225224897413039
3.37079817043447
3.560011757167034
3.1246519818706093
3.5612990888553253
3.4507533259953207
3.3898540798197643
3.1190418303497167
3.647389124046769
3.412043639163262
3.365942701298477
3.4891117347774085
3.5281409953699936
3.484790675772395
3.3123691508019757
3.431959640154632
3.6911544795472184
3.2848495159900577
3.5162663382413797
3.638290488575768
3.6545357943039845
3.6517503588546987
3.544188303633338
3.6415483863738864
3.326189133937108
3.4548464852252163
3.586958921042757
3.4118645402293826
3.603780088098562
3.3842503928767607
3.697250193868632
3.3606783399972424
3.2761601387075805
3.597659860632192
3.6226869376126865
3.430205865124305
3.5383585282605976
3.3629328913807166
3.4408283397209223
3.6353636994952434
3.686287483163591
3.4512968911779542
3.162983683059303
3.272748328171062
3.777261659631921
3.242744359495629
3.2486924013084737
3.4191930704353775
3.5222016108202037
3.6747800785460685
3.4264026286658114
3.1107250621546796
3.517417530087448
3.54790582584331
3.281665335769058
3.6949243108966163
3.1741432661771434
3.5435506923098594
3.5277452642281206
3.145869110872527
3.473712900300877
3.591745615998187
3.300461302937495
3.2923756178480525
3.491588851983491
3.410563652486301
3.5866455391785848
3.1678883343730506
3.4561323751870963
3.374438026282546
3.5793477143570387
3.3654605373863835
3.3860544911671733
3.483200257220942
3.2655494580025217
3.5549332903095254
3.5761017373435795
3.236632706920419
3.6965037709077575
3.5873746488512124
3.6783430479316395
3.4692138405620483
3.5630007043778313
3.521145835026192
3.596435655616388
3.9674788808047268
3.381002579965046
3.562818426896904
3.593264563777682
3.4942729761887694
3.5165009553160926
3.40945450476362
3.6540564242528157
3.5625840975380716
3.6783638637534026
3.6457797762052104
3.5588974718139883
3.667843825090873
3.5701763941767677
3.4206325538968896
3.362561754739919
3.4217369789747427
3.558592220917405
3.6803563339876186
3.37666430588769
3.7535586623471873
3.525774314282098
3.449944402819047
3.551201034401122
3.361556038432067
3.394663588838346
3.327574070518973
3.5319112711439224
3.686632459758989
3.5059677864488057
3.509134998222938
3.501325116890392
3.655142035070619
3.5854683724915515
3.5971853408240873
3.3978400192370017
3.4537909340644743
3.554930049914864
3.4889275752311186
3.605532551025219
3.694437787088603
3.803189803550619
3.935923170779706
3.8762656255746064
3.570869396825222
3.676387412049501
3.709018907437154
3.6093866263896137
3.582290259201663
3.4133605935396463
3.337018314241025
3.589230100940194
3.4308667161063355
3.6225220555862077
3.246074954367677
3.455207662410264
3.788404955233681
3.5843875108910237
3.2448434030253592
3.2760362984821874
3.4249763325353433
3.6097975458930223
3.4836638496629333
3.402212135777924
3.304331470198743
3.384802583559059
3.477283973733132
3.490973149045756
3.5293223339137105
3.6639603465542803
3.352105122016626
3.518347278919236
3.5785332051178527
3.5517120162613773
3.4439427669695863
3.481698318875358
3.521784948974754
3.473536550065685
3.432989799619026
3.465037329113688
3.4253433247963234
3.6807523080204536
3.370026294846193
3.796030520085382
3.4579986168005536
3.294414194025791
3.5516343892919133
3.305572177592289
3.816297154510129
3.44126553863747
3.366916163787522
3.5102467703479556
3.6335787396512886
3.6426435878731724
3.4401333007549773
3.479244522197134
3.485416659219195
3.5216990843582376
3.4838101091236524
3.1441952109875917
3.636058512572372
3.5063964763412643
3.3784427631157214
3.513409060811706
3.2766886288822454
3.616965236326944
3.4346919741816846
3.6374251879569517
3.3192082581901463
3.579025807529169
3.6653859745415445
3.1802751182613846
3.4221393109039893
3.6106764926444037
3.5811751396658305
3.602505126641911
3.3478090306719395
3.598011683389733
3.021040384338307
3.8510531149095
3.545899394651329
3.5976366294757134
3.4509304239335292
3.400835559136606
3.5437213435610584
3.3726812816188874
3.5238565085629716
3.477339781569564
3.311320129939598
3.413005124758464
3.527423000426004
3.5892168880937394
3.5192806951211035
3.3668347781946517
3.3917703475781886
3.140253378187961
3.3073550488046877
3.6249429536221083
3.5282112150073823
3.5462734122242767
3.6143439409694222
3.5031744149698727
3.4578054638646027
3.4542926228709603
3.500960519937521
3.506109620764799
3.3572588239952754
3.5513562538473025
3.5969166124054888
3.1860142145249575
3.527952692868198
3.680161851630972
3.6819859310373477
3.3476912089628854
3.5953316001991262
3.426905425318504
3.4488125473106335
3.6232287985373306
3.3565595780718547
3.538409893031147
3.145810748025399
3.607623741494333
3.7654382970177727
3.303816416240206
3.546154104946158
3.7754845205134657
3.3334700910806596
3.4059826521950245
3.5459187384530337
3.5654339407370026
3.357570978189563
3.489342742032891
3.391260113998513
3.3478090306719395
3.510584863438249
3.522335217933202
3.3289658439568597
3.3276734443126648
3.4859244626983736
3.6487028861239827
3.471273432208255
3.4786579872663275
3.648719954194531
3.2653334617139653
3.6611570946183805
3.5377518947382747
3.4987086176781674
3.4935812163574846
3.650444652238986
3.3090415742892563
3.162301474362249
3.295121192867668
3.3582272693220774
3.5102151761903007
3.0790194822984014
3.6489145414858197
3.4218060292222234
3.385443115441006
3.6806411488130406
3.1535920626513625
3.206530139738939
3.6136507045229007
3.5680859414669226
3.6562728517053227
3.15527853828081
3.2974252182007726
3.1849812616935766
3.5776009158658346
3.5469958763899223
3.3337151434437793
3.345210259330992
3.20590017155676
3.1479792394805024
3.7387944017785157
3.5075664503967148
3.466580387332582
3.122983073431742
3.5189409251025006
3.4935123683774427
3.386422010701094
3.3818293442199336
3.4646587044663892
3.6371571979340946
3.0588163321968658
3.292400632816286
3.7182057655070633
3.2547926822245756
3.089138272997446
3.6076804742157225
3.305737488843136
3.6442229255261
3.387086688575617
3.7109670494671905
3.1607022594158534
3.653580602672173
3.4363776702416744
3.4356087634451224
3.4737036182631305
3.346300964592704
3.4108261370732316
3.6650828496676993
3.4875360825848545
3.5108914153303523
3.308429624187844
3.219513886423805
3.3667214262467877
3.604086479593015
3.6092129324577447
3.1438124933496274
2.858701006262754
3.718251849591945
3.539588481997562
3.376523981112244
3.3502506674730173
3.403634383339995
3.647030989476913
3.50856359406459
3.5853398212662135
2.8981070159455338
3.4624378758742655
3.4094604659945658
3.4764160824356307
3.3043874640012403
2.772247105311981
3.53529218736686
3.5684711845951846
3.707027002364893
3.6924824843779587
3.6002835915690587
3.5507160610723165
3.4288095612794205
2.8641279721753636
3.4517031499888926
3.5371198049686554
3.6826082686830994
2.890546135339817
3.479700852794378
3.417796730483066
3.5133077792741867
3.2748809076962218
3.7327003694416265
2.8212254535300767
3.4725128349416705
3.5476928171046094
3.5571608383954465
3.5654502386566116
3.248722169280083
3.2433942869688734
3.6074101754866303
3.354454931177766
3.439050328297035
3.4210136200201227
3.5302328233806417
3.392434175903801
3.3113735492575307
3.3764041296019736
3.398050216211836
3.5076705559837715
3.56256782581053
3.4456101601325235
3.455183173435134
3.4117720131466944
3.2030775826455615
3.4752451161667515
3.254893189428107
3.647068505038565
3.658519425331025
3.3517565352806753
2.8159841034087125
3.1074904862983574
3.5279207791820104
3.3817413713568243
2.73796226807178
3.5444620960676465
3.5180965473941725
3.544516859630771
3.535715257064631
3.480321903004321
3.314680464803193
2.8816953235257174
3.5875858490895807
3.4664355709619357
3.4825315325371133
3.44262034606279
3.680606412937615
3.538724534793828
3.232228132319132
3.7188865081658165
3.2133358380874224
3.420083607890045
3.3643137748808254
3.5807542721152896
3.414678564924422
3.6383108535477264
3.3414041094129923
3.3220610407420974
2.874003678724709
3.3667737415819867
3.4969110618953256
3.3073915111980647
3.458320586318352
3.5497723594699733
3.235972061115066
3.3938925598043026
3.558043550453058
3.5080113083892743
3.451037302173711
3.394238150192427
3.313055733242946
3.494789627105947
2.886173747659609
3.3835369239311492
3.43845301353957
3.4821055488691193
3.219476678193494
3.5221538964504817
3.5243150629225792
3.4440096750179485
3.338069397606861
2.8451307775304704
3.6331826959892455
3.4046208561835773
3.2279557521757667
3.4382165706170014
3.5090465920409426
3.4555413592859257
3.5117260133355543
3.3814862759344826
2.873965556628175
3.375176872249556
3.449825385761244
3.730686522847107
3.309078073878986
3.441150155910572
3.791104319525937
3.4078219124696574
3.180015802232371
3.3350920955751877
3.349819023879915
3.423966006163139
3.4393960773246786
2.8082909389412745
3.468572068923195
3.4187045213682183
3.6773649699870448
3.1646750852433634
3.3542674021973027
3.316890627657765
3.6443966000583106
3.295658603570297
3.4846599016611104
3.49972585480804
3.4411683737214736
2.837176616426816
3.5756918963819495
3.4073901924825987
3.353116721993093
3.6008054724856917
3.531543474658459
3.294366886037713
2.8970177059779587
3.5181663677728747
3.290003703363143
3.5707941995652788
3.2257184047085565
3.677202007563722
3.579873400989881
3.6290074943657333
3.25553712606191
3.2604906285975126
3.379482038052968
3.7557130173013182
3.5262875696554814
3.670494961539801
3.0249253851738325
3.6492149977122232
3.279962457045107
3.5381049365635926
3.503602421977469
3.3091033432974113
3.5426848100575916
3.124496775759673
3.430761083557506
3.494617393158794
3.6045594904816523
3.2476021870518936
3.611251548671337
3.478378754419325
3.4848093585895636
3.3104544150427047
3.430287326143803
3.54346376308583
3.380352007322362
3.485715715751502
3.5053596049549602
3.436308030651867
3.701067615658363
3.3971533596975663
3.6205076694420804
3.454800578280466
3.684838589897306
3.3410119496860737
3.7751811844969763
3.7252343554484897
3.6285212938376543
3.506872571041145
3.514279689806246
3.4202815681026295
3.3655041007373043
3.3941170378583294
3.68750390024451
3.673966555599832
3.5294117647058822
3.249842924258661
2.9783769831026743
3.8627553132694556
3.2782255217422005
3.4605238523261375
3.4472426036758215
3.2799017711469567
3.416634982487556
3.5115584296310707
3.63349749288673
3.5785857429144
3.2442414713882854
3.4640709228551403
3.2762316951054777
3.476158897897191
3.1126292938322053
3.436277753449714
2.953677252443979
3.393632674939589
3.590829573704079
3.427655378254954
3.461749443901019
3.4878885306598817
3.675361881785284
3.330944732794176
3.492458081548001
3.227127732198046
3.787080617235878
3.4316999321579322
3.155827478194446
3.204572514135041
3.6338292733832254
3.3826623808045184
3.5370652697375045
3.2288456793905262
3.519004428531727
3.5037188831581623
3.5583811737913367
3.5641989919714137
3.382606636674221
3.786382034296854
3.09512018589768
3.177476741277623
3.5265171483678106
3.4776591608675957
3.483959493164293
3.3576374629691332
3.66246703779666
3.426080555060189
3.3808208633056105
3.9168463561779214
3.5341548884158556
3.196325700671474
3.1252253768300595
3.4446393462604465
3.592053272913155
3.480169725200444
3.5233853409101172
3.375372589205039
3.4396326825077916
3.385584182550699
3.384840773618378
3.8374722275247124
3.5062955986999733
3.1593170690610513
3.250910254871364
3.483670073219599
3.610071544212732
3.3921981182868186
3.810048563465151
3.554959213679483
3.5589267007106904
3.228952610566789
3.42053955064635
3.8512774884930745
3.4422162223706985
2.9978945555928798
3.5583194878209676
3.5266989193832803
3.3116912892329275
3.427679478570851
3.712058479198195
3.5671492989179647
3.4344379013999298
3.106386571489106
3.4788969220682486
3.743531609325041
3.5254842795040098
3.3553871170341822
3.137981891430654
3.5953912615398234
3.1310890650327194
2.9577923038244256
3.5633229905599353
3.2695546615046824
3.2197158889676847
3.2556947527383313
3.2222883204441803
3.3369240918218837
3.7664528802258324
3.296140473055319
3.3080030772910676
3.4409801323100977
3.261946880449647
3.2606514614407067
3.2348984158951293
3.2723858461760496
3.45508216008193
3.1690441269080285
3.224195687183574
3.4542253146887836
3.598426657144676
3.15004385830295
3.3894003889988755
3.303844404177076
3.3268076721303084
3.5881964896397727
3.2803569701277238
3.5517443618335016
3.405961830521086
3.171257672004137
3.1965562434071026
3.50119309887908
3.223446856519421
3.2038854093415443
3.251834576673673
3.3545328339953517
3.5257679393784884
3.4658502663816964
3.084928069760507
3.4271824781341365
3.5406424904334566
3.4708193091467656
3.5279175878451476
3.479331433083089
3.6363059979468857
3.5481543683693864
3.4580292779812205
3.5348083454105947
3.320327299135097
3.2708845981592467
3.281610109378589
3.792143844767133
3.4486478647564107
3.5261887324707732
3.55890721472621
3.6282748669399965
3.5749708044050976
3.5003917746178512
3.0283641242902757
3.5702646390004724
3.257367078542637
3.552420519145269
3.3537222447236923
3.5355998643780153
3.486167513030668
3.3751096910649596
3.3176863306219047
3.662160956669124
3.359731634974634
3.5229270284381506
3.700825284038341
3.2436613451214087
3.479014850041079
3.5888370603559574
3.451061732415292
3.288774653160765
3.380284619965001
3.4328447544371716
3.2197770263130088
3.455033186036705
3.7895902869885876
3.335248963507245
3.539373258673733
3.6190428466834255
3.6244140530614217
3.2317486992211486
3.502818871032497
3.306312003947228
3.579883259089002
3.465683952728071
3.556385581500959
3.4766485108355547
3.424432005268357
3.305496532195112
3.4339328921463315
3.509482351353175
3.346177506994798
3.602322112253899
3.555263841599322
3.530744181288323
3.3920564994846685
3.5456060395307802
3.408459271533597
3.5928011320087263
3.585850784473818
3.3826154382568605
3.1279073497802448
3.5479768344404836
3.3539616306789446
3.3663697931322605
3.752366877568928
3.275585048886007
3.8392364054115515
3.4748240090737457
3.1181889558544396
3.6868729361783386
3.545667285491675
3.379098456531797
3.186933246823077
3.528814580699918
3.648610721302273
3.5595243745276783
3.306799797861264
3.5543177213724766
3.031011914985556
3.3998749892119347
3.2398726979250694
3.600735657992894
3.575705009837773
3.1384743152090464
3.6993228342124755
3.4189712578482925
3.202914487931993
3.4040087002971084
3.391563876192265
3.552333154198585
3.1650834486424633
3.4580967344926528
3.732982624401646
3.0830697572201147
3.8759535839650807
3.4179644706975276
3.5204815296582517
3.651931590893768
3.8675857637143105
3.331829738374477
3.411351227474148
3.462256521248934
3.5651927489464397
3.3771496856652985
3.2522386242530277
3.3549714655375613
3.6114321273002044
3.50848784174021
3.2216601297255143
3.3899925680932164
3.476756988058677
3.6010448570154354
3.472735464821189
3.4905326015744986
3.2394179015216955
3.4179315204273992
3.398295972409322
3.189573529483927
3.4913075394338713
3.1979401985182876
3.42647788823532
3.3701777293470756
3.5989546420978034
3.4020726473359155
3.4123571075461214
3.3837101253621222
3.4370499888075554
3.4965442487674685
3.356747363447087
3.5089360905773366
3.4203685578673735
3.5094128752259746
3.555079114183672
3.3608289355306837
3.2180580917245574
3.2707337262127503
3.4069407244728414
3.6627387706533856
3.2751284228241184
3.607066520780865
3.3928148880197093
3.6142869984829264
3.1723514119404053
3.6066662289345266
3.5548717238211043
3.4782422568976217
3.4377892370752345
3.1375123388706405
3.66059695888868
3.396928479848375
3.25880147966299
3.2717462064522196
3.692475492377405
3.5479929731544297
3.439687288326936
3.3979465947347514
3.255422992134397
3.552546720543922
3.509011862259588
3.577755169626877
3.3747125004542884
3.6216238804306946
3.317034503112484
3.4790955422081193
3.3591673399356763
3.3105387180235915
3.6761413712007314
3.4189173077867157
3.681652250008732
3.5176523008151936
3.311539441283858
3.4694607390485137
3.3354115512999125
3.532112792135162
3.6527764379060788
3.3267424026586645
3.3769215982710166
3.1987454356363205
3.2963438475432523
3.3562302821470924
3.60023373825193
3.491857704112513
3.570231955223799
3.7176315827101534
3.2417659145769746
3.2776910263543164
3.2648195601199776
3.589553846068886
3.738436010916233
3.5865465878607354
3.457097421005324
3.4213017263537613
3.469229270687948
3.462290331687414
3.769128326255748
3.5558635277813235
3.6201883983172625
3.7341049206885693
3.225953207135147
3.559020885977184
3.277305416293418
3.829367319786537
3.3787120349722684
3.4524212095513445
3.474152306837132
3.693989878467733
3.5461154124177687
3.474619685056908
3.3852491673589067
3.3419194957300555
3.543656944931571
3.3188410607016032
3.4562365129232226
3.4718976591397706
3.399537139943254
3.354558802405305
3.727687638892208
3.3669772055643183
3.4710509897390396
3.4429060245558656
3.652215443252532
3.250102919925798
3.7034293756018073
3.5613088449214363
3.354065471358001
3.4250846171545803
3.4400968872415625
3.607356787935519
3.4342352750558285
3.4205575508807935
3.2442144841698966
3.3461229588649952
3.466035078052444
3.1337987426235197
3.3551706190289794
3.572966386631609
3.3280170394472424
3.5135040175567096
3.6743126915471023
3.1504815389859973
3.5973213791576732
3.2965138098570836
3.49133566864897
3.539672008546039
3.6320086125168327
3.2490442394862176
3.590029659168107
3.7305223687860494
3.66939676058127
3.4240080911945046
3.4841369033527227
3.3652688720395343
3.1699070160608622
3.372095134585505
3.4249402391837758
3.721817964929023
3.4250244581874774
3.3482056622450322
3.4857499859229333
3.586721405553348
3.408512892044531
3.1806019166796475
3.37301381378888
3.2351050372244456
3.7225995198801134
3.6707229724196937
3.6895935486983773
3.6661715768297958
3.6175221642800297
3.683422144733934
3.172666259914582
3.4515840115548415
3.267420798557643
3.3909475611696505
3.3595985021359294
3.372127207014025
3.3668493110476683
3.41212423981809
3.406405089693266
3.626493487654579
3.1251928203903607
3.407646233895595
3.532163975731317
3.086756863285164
3.510227813785115
3.3598879348147284
3.3272106968970774
3.483181591653225
3.5495462041698977
3.536635462659931
3.4090223710537293
3.5518640455731476
3.424317748590103
3.3796928985719497
3.694976821126172
3.316478817904904
3.550450998313991
3.6219400411043763
3.793814914361924
3.554450536630892
3.632103323095148
3.4562089464411683
3.373279303201588
3.7357860524906674
3.473712900300877
3.451299945398665
3.5083931559345825
3.251869825149461
3.3663494529682136
3.580494567288051
3.4398298783623233
3.6664783287627705
3.72001098834015
3.365913651369021
3.5598882742757
3.6780343075723185
3.7033555249791332
3.467332394486408
3.4074140086653157
3.6825908820938267
3.592370909533047
3.5713108359065084
3.4784159828754904
3.7037599811583086
3.5594269140133723
3.7287817974258024
3.6754623307520284
3.61648896414483
3.7591665831296317
3.8470681887904323
3.6242826940501356
3.700379336322734
3.7591557129046027
3.5923047306047784
3.422436616912629
3.3547752214581745
3.4545404619694953
3.810919750824478
3.4614575576488007
3.637805190868176
3.7202593879314785
3.616995426819372
3.5760623885345937
3.73335426564443
3.6532315174587
3.603360549484765
3.45383375546857
3.509106581464359
3.680307711471425
3.466752950295652
3.59148431442248
3.475368990619177
3.546844263525072
3.7675844760062835
3.392065350313375
3.2999167405622383
3.3855489146711464
3.6375473230916167
3.5399965144649705
3.2706185242801498
3.4570300034747583
3.56620010405989
3.623336516914478
3.584743332377402
3.4843921567225986
3.5020954204265555
3.360501697053357
3.6608168690441327
3.5964588712652157
3.564169676409949
3.4214427961083285
3.5511816329243704
3.6747731534264907
3.5167387748403494
3.5557533000125816
3.704885889514603
3.535638327769991
3.608057625305991
3.569620878804049
3.4858372221273792
3.41991865855006
3.5884804257594007
3.286790137606947
3.5307889321536274
3.5341805096288295
3.5325351011709
3.393860072019451
3.4248891082379123
3.471381574262643
3.605355894849333
3.355508368121638
3.4949744060335806
3.5246686133682545
3.379974086865334
3.7070446204604153
3.393358067143245
3.5359877419091617
3.548105948263157
3.4441921647277636
3.37413732392843
3.295182443267942
3.247507537964612
3.4421007758848186
3.6705605981319667
3.517604709621731
3.6308285271404435
3.5102783650743508
3.5313771918307473
3.531028688250004
3.712369424544664
3.4378649976860527
3.6039066347921143
3.3004389583814646
3.6054658862836058
3.6169115655848083
3.7307471921344373
3.590261002769104
3.434395559590726
3.339856043640786
3.75437529120475
3.6824274561791133
3.206582867967717
3.439848082196493
3.5964920369977587
3.336030670952753
3.46263462101908
3.330139814639294
3.451965894576962
3.5781589179647435
3.4802473652742707
3.456711338013189
3.45297141470895
3.627657258942175
3.6329017942808814
3.2344798873405773
3.287657375522126
3.1571533809874603
3.464264776421681
3.1059214791194476
3.3118431511083632
3.0456638727256116
3.3981952968977094
3.117373924206249
3.1144537807073163
3.349456529207261
3.307203598237515
3.1643720912118085
3.14113607643109
3.1979585544571343
3.182257689436128
3.6078006199866604
3.2093482554312045
3.5219535102136654
3.5848850217069383
3.4034769571519705
3.6318192061774446
3.5299931753465277
3.461675699569154
3.5108756123777267
3.5846181278734393
3.5895472384416576
3.431328557627843
3.491523208333818
3.5751379407388804
3.4394870754658737
3.687870028112917
3.4369136867596866
3.573784913129536
3.6104558802291438
3.7401318060808793
3.723964475288631
3.412813978886058
3.742780751742312
3.536115984604295
3.4881474538312376
3.611820098019241
3.500442043001584
3.5398133701473924
3.715506523572031
3.787647026260048
3.2140614363722975
3.532029621955096
3.5295778624876464
3.8174252739002634
3.697541135145128
3.1704971420813584
3.645435587489987
3.634845304711878
3.671514320788679
3.6048060383274074
3.403049306694147
3.274894657555182
3.4944483072533994
3.4107187521316993
3.2199976716939913
3.226209394225416
3.470538244886518
3.376877738842666
3.3857428971020647
3.276963951716037
3.3321912746144267
3.2840667187626313
3.3824951539252126
3.343790538101636
3.4741770654428064
3.4740656544961537
3.493271421815211
3.6949453148093405
3.2762867406155385
3.4116944136565754
3.5880908504603335
3.3546828792468992
3.2062454372661087
3.850136877302061
3.4178057161486057
3.3276166585609337
3.617391304347826
3.6988597079418315
3.8277474393351105
3.349712568894569
3.4906356984627775
3.2204762836694605
3.835358861744164
3.645551445741575
3.1373028526931734
3.8988537370013217
3.5829451809387316
3.608394791698471
3.2801086641126678
3.636316169299422
3.497221502352554
3.485578641804064
3.397914029290019
3.642776281229801
3.385219783224413
3.3452819944056595
3.5084625916923207
3.4635264027281933
3.3504233560589403
3.605742561075732
3.4635909978605666
3.398251556007107
3.492342367754397
3.477339781569564
3.5676811993263486
3.577558252280235
3.5400447134878426
3.425439598081754
3.462837537869236
3.3022134991100955
3.569065536279551
3.7024660322475293
3.494498405075087
3.2012292720404636
3.1104794445162245
3.1572990682729496
3.078460485591621
3.2997910978404983
3.213060514287409
3.1583039098182764
3.1577541081166425
3.3123185125481664
3.2149675700450753
3.5090339629500003
3.3815683714106606
3.323289613612194
3.1871702504625485
3.383440056286562
3.3327579341002664
3.2551241078664663
3.397437461016583
3.3237880957250976
3.4750531282160946
3.5361288093854295
3.411763059179217
3.220141240348865
3.171605832827096
3.518763127693207
3.2801141816157173
3.1961999641042156
3.2590819751039564
3.6738834926762545
3.425042505655711
3.3245927800074333
3.6025849932936493
3.528386776330134
3.3919443929854594
3.5917654632410434
3.4380104674195615
3.4535370861179318
3.5184298059721284
3.5761542037692666
3.4624225061014102
3.5137889185909166
3.2501597995234763
3.406500301344258
3.449450078054864
3.401906463273367
3.5787039585971483
3.670678058945443
3.4079678287836965
3.365626084119941
3.5651797124819686
3.761715573791838
3.667674807023879
3.6506018344742244
3.2775147362104873
3.534126064995297
3.6671195716052107
3.7225000310208336
3.5835937564608065
3.6549844616301606
3.6225691632051005
3.553080748770771
3.3494622824781897
3.3296536391833644
3.5211172234094703
3.5733330401367764
3.358305347455438
3.0774378041928907
3.6040598347862005
3.5121624384133314
3.8168387180119554
3.6442569780512946
3.229129062492755
3.3670905747364603
3.5283388942366845
3.550218292909395
3.4532312947757924
3.4573242083614057
3.709421073506459
3.3461976041225157
3.3598676729039596
3.5728321840723143
3.5264438074742523
3.5891772501380457
3.107554864279533
3.2267699453683027
3.456790998870782
3.641500783856386
3.407163955350427
3.4436386722388863
3.368326503115702
3.62346107427259
3.2908920764600804
3.6985510215113413
3.3233434198226357
3.645254999607434
3.4147054728973076
3.739020223305792
3.307251275623777
3.4390230352817315
3.385228598411199
3.4977986290423115
3.6006259549737107
3.458918688803746
2.9881783068981713
3.156144162954151
3.682076313391901
3.5419705344379433
3.087744189102955
2.8345639459455922
2.7314405617522683
2.9405688417325533
2.98122744013466
2.9478703148703427
3.8184418994692364
3.431609345592098
3.64877115936429
3.629514091821123
3.619113372902306
3.6160396392119627
3.6804014846173376
3.3707457299565955
3.580162594461213
3.6491057351778466
3.23816988601642
3.5491553465295174
3.4495385578806035
3.399300092827041
3.6026182721103766
3.6516238490362523
3.4018441484355444
3.6174449893285376
3.524665427912458
3.6360313929356574
3.7024027644607314
3.6913466316461983
3.609433392996959
3.576659271847198
3.347843516643503
3.5182457124763307
3.4245973902811686
3.642698025003853
3.489939131882115
3.6168511879037655
3.6003799785638915
3.5699966496954514
3.64216393099687
3.502120578909511
3.3253496519893693
3.532845498701906
3.4636832808008036
3.6352722073186414
3.31794035874592
3.67298734420412
3.3200135524655785
3.42563817882534
3.6878351556597395
3.1757612869813334
3.10127327147751
3.7706880248749384
3.0492739209675115
3.1275009983945496
3.1485663124395007
3.178815719977308
3.1930179341173965
3.1372195707800983
3.444149582065695
3.421226693989694
3.471044811188513
3.4916263637486815
3.5823593602457318
3.634374472899215
3.5886554320281054
3.5824547898798413
3.6326886087268355
3.747074399603387
3.3181549016805176
3.4501336263292965
3.7071432848901598
3.576931543033238
3.2697657338611905
3.688145543679937
3.6769593243445815
3.6596695036925126
3.8118844783973667
3.504568969468015
3.5196967645864357
3.400533098958129
3.5023061338850816
3.2225386002283867
3.2822812359556233
3.355736459388275
3.3918971924658137
3.2014578946720356
3.593152005070951
3.547566960326376
3.4240080911945046
3.728207907815758
3.6663163297729326
3.6645628317486447
3.6624292047739297
3.5004734614745967
3.638572224259201
3.440024062527289
3.4390806543776855
3.507651627235566
3.3028623112922317
3.7872130093680116
3.8549700943281526
3.60314083014517
3.784860751091059
3.546686212848462
3.6238112273105285
3.1664557049382904
3.0817420218440197
3.6067963140391313
3.5451612639318024
3.0690851057299815
3.5932778064421025
3.2765867711589793
3.8845047107089816
3.277842540849062
3.8634670555229746
3.377178929867251
3.285117910462848
3.8409189841852625
3.6445975383079907
3.2968008351895453
3.9902433434555915
3.7222300166355047
3.964107547254195
3.141432106402722
3.7129384480488508
3.654227613405206
3.2081074633741062
3.643633917560447
3.381301575686534
3.729805256347602
3.5989048255776934
3.3293892875619138
3.8742555717258815
3.515892283878552
3.3172094273390793
3.234031967162137
3.62023208472457
3.339558613106997
3.5045122842141487
3.388855531350824
3.6907667425955175
3.154068991619881
3.4726674359960676
3.166144658713961
3.3256360492125916
3.491316915788541
3.583732061812946
3.2622579341877103
3.2017338620298994
3.5997186681410134
3.5884705202546154
3.657154002755056
3.6864094372081593
3.4841369033527227
3.5857320961638184
3.556810471250027
3.564179448210188
3.6131753047806012
3.6845009107330453
3.6258697438834364
3.72009615017742
3.7316074808204944
3.609256354373447
3.536542458459228
3.256711539698061
3.8506538706476503
3.5666012484933396
3.2143448794249787
3.2189186579255145
3.205834289603562
3.3473263016593298
3.338469440164355
3.299629172444543
3.5247355092700547
3.3040235382025607
3.3536386119031816
3.3338604822129994
3.342747309731252
3.2740478816910206
3.4928647043334813
3.897003204535712
3.6668023696945364
3.768927991248356
3.828461370824768
3.466940940216604
3.4116406930004506
3.6044328979363236
3.7193830401855497
3.6856186216353377
3.592413927144003
3.6091427915701533
3.5171034939266836
3.3947847401814557
3.4810985275845816
3.4910825220296258
3.59314538419016
3.7672933253222
3.4182430756474727
3.707319484435437
3.5967872389677775
3.637174158157389
3.533322401173425
3.3874603167709685
3.6989754786379425
3.374236578974007
3.4362262834305173
3.393526369875231
3.4675605267135525
3.551922273011675
3.491566970492678
3.479213483647251
3.7410897314760896
3.5568331781398856
3.3604293077687957
3.493912976482382
3.449550762350718
3.51189677544842
3.679380656458115
3.5256755058666336
3.4601922624777637
3.5436344059642093
3.5254906533818944
3.5667610791372826
3.5654339407370026
3.511122154640623
3.684187655515229
3.395127556683396
3.3663552644185746
3.7164058353289158
3.6506155031343805
3.7125779284386327
3.5736179032759083
3.3299919567886582
3.5047453353187565
3.6028345994063637
3.5774105784948094
3.560775591705036
3.7425616587033272
3.556236407654115
3.599001138760873
3.6375982151518094
3.853926310952562
3.844557634354967
3.8894905964085043
3.6083680831516043
3.612606328730503
3.840884939890151
3.7680686136309403
3.7380167808199483
3.539010329372969
3.5842030386689556
3.5047768310886283
3.6090058576941226
3.400491589014843
3.6509538350929684
3.297280251066755
3.701654259797282
3.3955000047885258
3.5777879912922144
3.1729088903279976
3.6625633435634675
3.4931869419297974
3.491970259157916
3.428770372610631
3.7919963596834947
3.67453425278346
3.4713105087250056
3.5579202040604083
3.760645519624784
3.2433079745458535
3.70094468985609
3.8108005905763784
3.9217815748668103
3.8109271985874162
3.498328875206536
3.7998178036078785
3.3410377091789445
3.4531793156329855
3.317669396796663
3.273855493697408
3.393721267580999
3.335605536420964
3.315686512892494
3.317570619594593
3.688494356603634
3.743456150690428
3.490970024204059
3.721164552758957
3.527186923723226
3.739572346341931
3.6966439212482145
3.641735408313242
3.6052459101258414
3.397813376407152
3.6342017522443526
3.704143416834857
3.5969132950215954
3.6304364622420646
3.823109619335916
3.5795743977824994
3.747913421277962
3.6796583767422946
3.8017550460987164
3.559121572292147
3.639631669275069
3.3726346156839617
3.8873389370819242
3.474715652435776
3.695183375843734
3.7045586018425904
3.5035929795183547
3.6716594959470528
3.7132990376842723
3.9215410248494984
3.6545837382268522
3.6240334749184364
3.627677505050843
3.7898149209872174
3.7786377139048057
3.7568273111712633
3.6842015768382748
3.210006000241985
3.324774171108224
3.5918514704947824
3.5025483284312626
3.6296086723449874
3.657874324817364
3.2896734619511308
3.42240958695904
3.5115110031846704
3.3100526298368145
3.448556381244098
3.190860067695324
3.3546020839820327
3.5131970092784437
3.4541886022404396
3.4588358622744773
3.3724333836315923
3.40957969499124
3.393576568659015
3.549342689036626
3.747740544883037
3.8559038831918184
3.6874167376573177
3.7219245212793877
3.6334636411404975
3.7954209705767283
3.7201387325582727
3.5116026954702124
3.7414414526770017
3.6062460181033553
3.642629978844726
3.7767934442613074
3.6724650809778545
3.6721296657232116
3.7037212902245504
3.583534486006298
3.7859593329722108
3.663189454522912
3.5666566983184587
3.783564583507151
3.617498675902728
3.6429396094021467
3.631288297288917
3.569758107698687
3.7176067763392444
3.646096759928836
3.605752562164561
3.505227282532104
3.4051321453205627
3.5030076464369473
3.528990202075408
3.602065923348037
3.4036403242360134
3.875915063793587
3.35586928630986
3.447846024500924
3.3441747477077395
3.303097288919379
3.4133456563863693
3.4187165086313827
3.5278952486487714
3.4933496475747647
3.585382670650425
3.6193048150674443
3.5045374774339235
3.6248789383380213
3.7666092983096617
3.6324686816001486
3.4626499926751633
3.625404604449766
3.7488861482501834
3.7531468692981043
3.6037467878141607
3.54277491933374
3.7066077411077054
3.5966280228966876
3.520738957969599
3.510806081076215
3.529517171101037
3.453647184259162
3.795624131994289
3.503807021090223
3.6323536534026775
3.463987849396467
3.6007290091347723
3.6901625942410754
3.580064000528748
3.424498157356568
3.477203365576222
3.8218732666824766
3.8183334834558464
3.6907842064719323
3.868690686275969
3.7116557410748956
3.861217927139808
3.6440458626531083
3.773387747519723
3.560847116398614
3.9784835448900457
3.666368030022854
3.3830409026994066
3.6695866539956152
3.5241207996320454
3.08900125460974
3.51829966891898
3.440415531623594
3.535128755734387
3.6406475498441986
3.571301024963394
3.4546169627007663
3.675850323144944
3.603473748693741
3.8199641119269074
3.2810634683869537
3.512548353830704
3.9025210285844656
3.5564763891004034
3.661332387019732
3.494833471185098
3.664648917237193
3.5820533615733847
3.6303080456003927
4.02046519875015
3.6401548279186806
3.7944940917781094
3.638450020291356
3.7610807224361005
3.6081410764657615
3.7185673790106897
3.7786377139048057
3.7934200697211153
3.5347442703154894
3.5244838664491724
4.184796313087145
3.492639486170043
3.723765356951554
3.4996473432292596
4.249101968641628
3.6352281571723517
3.5903634644613858
3.4660196763270856
3.5940427359327787
3.553851326907848
3.601197813795912
3.460333487421688
3.5768823343284404
3.466558818170101
3.4418091560948705
3.7909053265135917
3.3477400608601977
3.5360775108190374
3.4676129397088804
3.459771726035758
3.4908950296815586
3.0961104120605407
3.6978847151253915
3.6058359067290446
3.7005864955161227
3.120913803561683
3.134965069254594
3.110395099931412
3.0808826491798924
3.1425408167705315
3.127573732550745
3.288966024980962
3.1618041092103355
3.3916464617300526
3.306121410950891
3.6667506571945405
3.523391707200729
3.5424788632094497
3.6734959153551183
3.501362838150849
3.390151696249362
3.4601185844743596
3.5811291024588585
3.642827319710405
3.639954379238447
3.4361838975136125
3.7623361213208697
3.9080623325921375
3.4851207683708316
3.521972593634802
3.826654512950282
3.645490108102803
3.676661214523755
3.5357537229673497
3.5543080035725354
3.683770064739897
3.61136524422089
3.4909981479807257
3.8843306103179773
3.6212069018346518
3.453766465167437
3.615117866746756
3.6606622419585104
4.104295408240583
3.412548202243357
3.567237394160524
3.378059417466646
3.7146501037720845
3.670605508731806
3.5490132378193775
3.3680268889449265
3.5672993897173972
3.656893384679867
3.670225530653441
3.6720916328096678
3.625792212356142
3.5824317546750737
3.5726390810073005
3.5643618649838005
3.4618539204164165
3.438822899738914
3.5684973057845344
3.5155531677838314
3.6648865341731875
3.6545494924392994
3.4576767072278742
3.651849521326801
3.627620141663217
3.578329635726043
3.320805099394251
3.4409224495485775
3.7289493637360627
3.6107166068892473
3.759655808330819
3.5077872877788696
3.595129429268594
3.5430999944582284
3.789796507362409
3.5261887324707732
3.5476669996015695
3.4944577004855506
3.465003465003465
3.636441620659464
3.6227306843431153
3.564179448210188
3.542424162602719
3.616254228235713
3.7032746443432
3.733890417018115
3.7421307308573226
3.4908356613030125
3.389585975110009
3.2866488738171227
3.8395954838481017
3.8084375445538368
3.561341365527859
3.634144182340855
3.767515323644057
3.7457572096221785
3.4938628954448094
3.323847583690647
3.42475376898543
3.5799522673031023
3.6990351209157675
3.5282782454505566
3.3891529724609595
3.5809581174811353
3.743603477519661
3.4265531511109937
3.6103054781294173
3.35892431740629
3.5920863574402238
3.463015878371779
3.562470198566608
3.3277075166939993
3.476242556161372
3.733725980892897
3.2997464271784036
3.5301625232515508
3.470133715819183
3.672887030470836
3.576370644049332
3.485556835579134
3.507935579911222
3.560886131078958
3.607854020675779
3.5279877985898906
3.4267910035313522
3.7611206210670978
3.6628798124605533
3.6853992043317616
3.614481280230734
3.5823001306161744
3.3135455191943493
3.7165333320627236
3.747596493402789
3.38882608457641
3.660827177980969
3.602368695970242
3.560157997986228
3.5134502081043584
3.6087320211120075
3.5798109676229046
3.567841126779118
3.322420459976334
3.5465636526331874
3.493017994416545
3.37408477950356
3.590469237504016
3.448391723152502
3.6294431596629266
3.432071387084852
3.541063626557614
3.560918643965658
3.5432480682484093
3.71453334984237
3.602175714131335
3.506213639890283
3.336889830443216
3.5695130635025527
3.5510361286057814
3.2804287099756158
3.442596035188628
3.689771574756664
3.513095739966058
3.4164913159798935
3.5491908754852832
3.5565639579632378
3.522141172836886
3.228372593931156
3.5548555224680545
3.3905613726383437
3.5377936141918136
3.5767215953278844
3.7159278004756384
3.4059558815181483
3.509599203770929
3.4076849411781156
3.7000212514041104
3.5814579656216767
3.658684168310729
3.3971060140971185
3.6358110608830545
3.7914397068731023
3.3598039942039075
3.5226279165552676
3.7308328462523783
3.543650505197354
3.4546567444200647
3.519579238814281
3.2138124715701206
3.694577780809226
3.6491330501980355
3.448019775719575
3.5645605902181146
3.3631938958893146
3.1550539109724682
3.533911505419117
3.2776772530039073
3.4502496122892583
3.3769654588386873
3.515077881507626
3.631410020643169
3.4390472957183857
3.518791701065111
3.529683278804252
3.8059474271795395
3.4972559991391368
3.393083503785028
3.2838537960928877
3.4101819288338753
3.36764299530257
3.468060056129218
3.623306220473538
3.6441990891371097
3.4929648106186133
3.401502940991774
3.4334794176114602
3.5120201139695553
3.5463927275306464
3.6536935562898334
3.456668445225987
3.70528011917701
3.4109514280516646
3.5633099677657496
3.3402879842132847
3.535865919964315
3.382762138044451
3.5672178170639235
3.4068008480313496
3.618132969169796
3.3045890574041015
3.432128773471581
3.536494354757537
3.446858718563986
3.5419029827364015
3.567690990391019
3.4482972043151463
3.4435322517698874
3.586899539221367
3.4505518228645955
3.426634438730458
3.768250652438783
3.3833050379147043
3.6692793817546496
3.5885464638555162
3.7292453154941536
3.6815862161412065
3.454295682396112
3.5194299606365296
3.590948599714197
3.4508601932658673
3.704650095798452
3.575131386078439
3.572079527313128
3.6275830251438013
3.614059246477914
3.4944952739191484
3.456334530643064
3.296098686884992
3.6429464150605013
3.521549626309407
3.65824145519217
3.5702090769361745
3.585118998372908
3.6658648762206627
3.540735710407766
3.3515606671152605
3.530236018907582
3.6518324239646347
3.5606488049914815
3.5491295077357368
3.5743777604048765
3.551340084521894
3.6068830426555536
3.4823729424979866
3.3001736399053607
3.2615922424282977
3.4120525946035323
3.7061040483960173
3.703700186419576
3.606039283637181
3.368096697192562
3.605395890958037
3.546741045160926
3.4678596103726345
3.261240408608337
3.2009586460765687
3.6262001327747124
3.5744432804590685
3.533908303234704
3.3353773209736226
3.8009324954388806
3.2998106416354878
3.3237965938755214
3.430930098758003
3.58394612685699
3.43225563439965
3.2749661586830268
3.5448583647295684
3.2527784148960572
3.457820792674385
3.358423917489552
3.555763025717284
3.4485441838091733
3.2955917657527176
3.5016835016835017
3.3833490644606075
3.6710062981290106
3.6621781508817395
3.4088942421154025
4.000209241714182
3.365910746403654
3.348976200801178
3.3583024556079777
3.3379836866745984
3.3290624591869746
3.520230493861259
3.2962017613549923
3.436989408784945
3.3839596840249335
3.3478550121252444
3.742249226122051
3.337575191718021
3.4512296996899203
3.6159927012578095
3.684271185031656
3.262899328679379
3.457020810378863
3.449526353496847
3.5616080569053645
3.5406585624926237
3.6353772542834535
3.1847419828203587
3.8408546788011413
3.612455747417094
3.7502019339502897
3.610897132021806
3.3703728669428643
3.614089388477542
3.457771740961473
3.1578870658613787
3.5678215430553726
3.3526094046711306
3.347786040418937
3.6001074493607965
3.6445055807659816
3.5909386805786383
3.4398723542751
3.665847647371775
3.770644277418868
3.679304290729191
3.601310877159286
3.699171954585551
3.943245574212387
3.1730741067389583
3.3901959011662273
3.679363300332275
3.5745415650442833
3.708447558272548
3.656492242611073
3.6292270025655844
3.7543283073466434
3.4625577647857875
3.453188488309186
3.263737615580246
3.7085709829995306
3.68716573242711
3.599499392699846
3.7342622390444884
3.333276354250355
3.5473378593726124
4.353446255031579
3.646683154661443
3.6164554285777872
3.242528673514776
3.4986709535851954
3.739138521659679
3.570339813957831
3.506201031182713
3.7110058919355087
3.5526567495923556
3.5833237624899508
3.7524896325446693
3.5203703068499186
3.608591779442871
3.7165156236599106
3.4591334427247324
3.8152294175709898
3.4893895715566434
3.553929050818452
3.5067905852563737
3.190938389525213
2.894459114651752
3.215574594322285
3.285087471771412
3.4788689929298675
3.1949719334004008
3.4831847025672857
3.2959259819535376
3.5305012678120575
3.6750120851358954
3.5556787380440302
3.5789896787443802
3.415761198003794
3.6422557704071385
3.5495785103056097
3.6096572213969376
3.54735721887194
3.402945380108999
3.6989579371575494
3.1978222010856197
3.227549702196472
3.477113460886932
3.766114625078461
3.350788938959795
3.712528450818993
3.7622018334463605
3.738289090522191
3.4054146092286737
3.702817559330531
3.532461509755934
4.001177782588311
4.098364962552504
3.9833801125151678
3.4904482541046327
4.070726259315701
4.1850028812135225
3.497080386221145
3.7889570361417926
3.792512607673322
3.5999014180842432
3.594781483372753
3.7475388759113004
3.6049926374958052
3.616448721539012
3.219221559209326
3.17770457287984
3.408140562203372
3.5645247528824666
3.1439721589173124
3.283220721668752
3.4386682655004583
3.2545590948653906
3.225424949737128
3.690962347452053
3.6102620309667914
3.451895621757209
3.6062426834884014
3.691898743523794
3.572652172080914
3.694843798109945
3.6143539898297643
3.5155309848985405
3.2967896876418568
3.2808150554079187
3.4001269380723547
3.3949797824601413
3.1724056026309815
3.532759093910701
3.384514716998161
3.541208314757123
3.428396618018598
3.619052921689262
3.6198120667827482
3.2880509698485723
3.166075260044374
3.587635352742747
3.312442297679847
3.3673900223370206
3.476465664553154
3.5941454135939797
3.3978222573040107
3.592268333233548
3.389868812076972
3.3075654198275823
3.4977609845389996
3.7754041134479897
3.305448905387882
3.737508097934212
3.517500013528846
3.720191961905234
3.333598311660671
3.183634486108333
3.646424026755403
3.582293549667122
3.6507897875240345
3.25032503250325
3.528891213332332
3.190930557169203
3.6431267742727993
3.272902132673382
3.532999117656118
3.594781483372753
2.995594172263563
3.390794254429551
3.253481224910655
3.421733976853286
3.466608119507315
3.6388811653376973
3.6243130068230016
3.4169762388729237
3.419277007027929
3.468026132910768
3.366927790621984
3.383484086346514
3.863072886280049
3.2734707855322664
3.3059000143255663
3.5536764605382456
3.490807540144287
3.357570978189563
3.5221920678428376
3.3870425647033686
3.25000270833559
3.6237640873828894
3.2998078496506014
3.6868241413244776
3.3235586620886775
3.5288784409957956
3.6702186226892914
3.299726884144051
3.4462160547718605
3.635522974640829
3.2580936476363367
3.812067049372133
3.26125404416407
3.6736827727827204
3.383554536826087
3.5226883712443855
3.4461125199918707
3.266605243320211
3.574895434308546
3.531281266552881
3.3318667424167994
3.1473669854115505
3.4948021538734504
3.665971698698486
3.4483276936965455
3.5617609346060695
3.3112639009405687
3.6249193687807075
3.2558360861844857
3.4903795295505375
3.6736931543082996
3.423280766955334
3.925049666974632
3.4784997498155947
3.3312776218436144
3.1947337680901797
3.336187627192153
3.6422047479407538
3.258178026847387
3.6678541736418597
3.2690640920970795
3.4008770774780843
3.3023113639308006
3.230458418616055
3.635356922139044
3.2949625092406802
3.5680010685705765
3.2402980077152326
3.420086607116236
3.5792590199621697
3.5681740829792603
3.489748639669136
3.308906813548192
3.6171933547520645
3.3565682446266933
3.549371761198268
3.3855371588745777
3.4050607934315504
3.5293223339137105
3.2606514614407067
3.341885131695981
3.6185290957574137
3.371482959747087
3.633236850710298
3.69943512471365
3.559189782387486
3.4866069592674904
3.295499868180005
3.9191804692163448
3.313945336896533
3.8856619075610994
3.62061522607957
3.3676575351337346
3.543685924025191
3.5031649748176332
3.761715573791838
3.6353467561521255
3.1629554655870447
3.7324574499850707
3.6096471986361083
4.020514935182083
3.2238438799870384
3.4446393462604465
3.4613316008924913
3.4219861734209944
3.570212345245026
3.584657665192974
3.442459292918861
3.5070239394849527
3.4983194611511625
3.6640498461099065
3.6321337668300506
3.2550942224581467
3.6653136333690153
3.575141218078114
3.329144870726744
3.2572419345678556
3.305843969250565
3.2802190177005666
3.6987439444922856
3.6739042580550354
3.1500413140033876
3.465246685580398
3.4505029771647484
3.7219422812643153
3.521168088827334
3.626560932267931
3.4935812163574846
3.3197139938712974
3.7005197807015047
3.566190321176587
3.246547837466161
3.631917289136935
3.725020869668206
3.5793937057738376
3.838771593090211
3.4049775533402826
3.6859913426459747
3.321616826799827
3.53345685332077
3.6464717580762334
3.1961240030551665
3.4748704497016956
3.2980749390278965
3.3489301885447698
3.46170335332541
3.2613985880652883
3.5078440790290286
3.293479417442605
3.4345891306702643
3.570846510367358
3.7126945594745107
3.4981343283582085
3.6025949768741112
3.600589388786103
3.811180439849312
3.677840070539087
3.6489623380305147
3.3988764534554368
3.471638052357643
3.5310446731474916
3.5851222940370224
3.371908543465198
3.413716136373583
3.3084043650578208
3.1790515177525576
3.267346889192538
3.4169103770692018
3.1282059097424364
3.3938512118224375
3.642235361249044
3.4464170518111366
3.6231648437812094
3.4112467932093447
3.6164319540509138
3.4492151708865015
3.586619151626624
3.1422344509750997
3.1773265974009473
3.540321079888707
3.4612087250859536
3.4556117806235873
3.728774667278568
3.554615759707975
3.632654772050913
3.6446895004906312
3.5596543301825827
3.595245426202517
3.2659842713547222
3.5239902412577933
3.512200393546557
3.6540735424462807
3.751038749192084
3.767140489225978
3.725487011901498
3.495710583846411
3.586127754421972
3.5393282899417735
3.5667056260665824
3.506695991037245
3.4673077333409204
3.477649857728453
3.621092585766507
3.409597580059974
3.5726325355064708
3.437189330964317
3.3930539834888775
3.70210754337636
3.5760459934530853
3.9346326364661754
3.7062273171760833
3.4446667284940182
3.2733334116695176
3.7527423886686426
3.4995688351729997
3.6837352697816583
3.3096368988871983
4.011652307008665
3.691227844351333
3.63263785394933
3.1093585313622656
3.6315655679163292
3.5936585747918675
3.1845599468913384
3.6721331232998726
3.327012010513358
3.7101621340852597
3.435581525028211
3.476264245998285
3.7137268868113185
3.697039903384024
3.6573597801082762
4.05203225002078
3.353485776491033
3.4033433048383324
3.4863451481696686
3.7332327594046353
3.4650127006042446
3.774969243680072
3.63450656447801
3.436093074069832
3.8964114050959067
3.635516196690748
3.426962639077567
3.624147976749697
3.212060215422172
3.5882162976784238
3.496102294160254
3.0644212054804423
3.7116239496817998
3.820001528000611
3.548470745588295
3.5945826873837525
3.5321255878951336
3.3936622053061214
3.4006783917407115
3.3557826588640416
3.6338800614591613
3.6287711306134303
3.6336464480640123
3.2018206044544715
3.3065026189196387
3.3737199328024197
3.6373641234651957
3.645704798869271
3.5611072304173343
3.2738527454613067
3.6174248572740386
3.6178107606679037
3.5270625176353123
3.2505282108342604
3.4152347492254425
3.4008414902661808
3.7365269461077846
3.887912480099371
3.279272976772657
3.8152555438597866
3.332011920059054
3.2316496162623234
3.9070365728677348
3.688169958437162
3.347383762098861
3.4232927863321088
3.591378481565178
3.1199650563913686
3.7423964579656905
3.695291913848533
3.4649018766441624
3.6237977586346273
3.6235014730927144
3.5338602711648783
3.531559464217153
3.3757319495717577
3.67483894311632
3.3892089325643013
3.5879720138182924
3.1852543956510657
3.6488223659712697
3.5516440924775265
3.582563388406825
3.8020997339505085
3.640474232443346
3.6713587887151844
3.7633417702952676
3.7075168478121374
3.6679162661741005
3.4376680270429882
3.596900025547213
3.5855672643225027
3.7245975285862856
3.371305179189193
3.6619030628532796
3.612422286607732
3.922077373535632
3.2548823234852278
3.368966634272757
3.399012717536814
3.754303008833201
3.4749757197209328
3.8257911294618285
3.4296176503953295
3.386848433322073
3.1489273058020197
3.311944400096471
4.0914126493890155
3.312495753210573
3.5305428164316894
3.2887801998566433
3.757290588854142
3.733590153278236
3.4739325896742255
3.6957786626588
3.531421958743936
3.6564716735952114
3.895461787018124
3.622367282035659
3.442079510271518
3.548406174226743
3.4668546472297606
3.2657736869077647
3.9823185058340966
3.5679357844747224
3.488996242619431
3.5992037453867893
3.8365360211383295
3.6804466363548856
2.8847220681238213
3.6089457436649126
3.488887000317578
3.7353244847646647
3.574076399090535
3.7635560393494263
3.769623791545604
3.8735898643051674
3.612977816316208
3.405099442000243
3.4095290216487606
3.5638732905973143
3.4647510443115004
3.6557553306068273
3.5948643215246645
3.479551833723816
3.467631438791415
3.329079509515619
3.551763769459567
3.614873256982267
4.074830607202002
3.779959816119493
4.0022864344040645
3.400387818590182
3.2928092644455123
3.8178363440399172
3.589666179453855
3.5662946746990594
3.495644785125404
3.471378484396154
3.606019278333834
3.4505182412973947
3.4458293536949447
3.519395025019289
3.837695021328728
3.4902046065331263
3.610917191484161
3.683383877545431
3.633659990049362
3.488596761150987
3.512687557250052
3.6965107781723883
3.624794711145686
3.379209715487871
3.4865072170699394
3.2988169934751093
3.352531591163071
3.8110277462363658
3.447833832090492
3.3774275260343374
3.5759738568803567
3.703074216253837
3.337926548498361
3.5822014189191673
3.4533719520671977
3.4321317938608846
3.5504348372307697
3.635926308164333
3.3310926752688577
3.2902535098146575
3.2464073092444363
3.7655582729798023
3.7720556445911138
3.646973012399708
3.883835476745784
2.863871381333287
3.73659496556105
3.5724230921428677
3.7501875093754684
3.6038100588807116
3.6822362315050245
3.7550801902188824
3.5914942365726468
3.6855176167742085
3.425481719345891
3.53013056957299
3.700274010034384
3.433512668341164
3.5744334522978103
3.902778778490285
3.6068797068624123
3.503127214717446
3.6244511047605767
3.7723730741551815
3.6128640192093195
3.3557162475176305
3.4941634032076423
3.4787169421542887
3.5558181390489003
3.502328150187015
2.952125606131943
3.3889851032380447
3.7508078663096667
2.9435606214988614
3.9296571223020136
3.2437881457009827
3.2368664145230728
3.448693608332751
3.3740614269511378
3.821614857654646
3.676276516322668
3.277735101853517
3.3613416407311867
3.802793005201051
3.4061551844302023
3.2881674031318533
3.53565755977981
3.4200026307712545
3.6047493959734025
3.6405489947884138
3.780161325654113
3.4859836641442445
3.1649087897632247
3.864508355265244
4.062364587847072
3.449389060129927
4.484248215786623
3.7123517557995975
3.488777764856379
3.863953180776536
3.484127565523932
3.6082879598832394
3.479921300241364
3.696584356055005
3.842099559636281
3.731086262714394
3.5910676336153395
3.371302264910016
3.489620615604868
3.1564890129901664
3.504635104581906
3.5753608134954287
4.391748467673916
3.6685821682449413
3.4850958535401872
3.969445448114768
3.368975365015523
3.622771066878212
3.6586635746268867
3.5782705392728955
3.895442332471009
3.4293100491974093
3.5539549595441464
3.583834151182665
3.706487969595394
3.79568693174187
3.5319080725834278
3.5641403613307223
3.573519669476919
3.5870315014945966
3.7524354749476823
3.413178369200878
3.039364445514716
3.737031781059765
3.2582134129785505
3.7831351714196746
3.679335530871512
3.5128679053579344
3.8104506004390815
3.532560698903547
3.7236906930647695
3.4714062933925787
3.517033715728085
3.6076437646040196
3.3168821647844067
3.334282321378649
3.676990524678263
3.7926711977741885
3.5945098010300573
3.630287770119008
3.1929081416701526
3.406577664729867
3.882861051319476
4.115313185885531
3.601563632703306
3.6258697438834364
3.424702643607002
3.977907314759566
3.522103002547655
3.4142211942595564
3.4305558731996175
3.5207993478396284
3.2775615614303275
3.426890369383634
3.675403446209057
3.5370845172741228
3.358967711707553
3.233964923918902
4.117602963829498
3.4874581169693455
3.419921657486954
3.7161296224126446
3.3273015328622213
3.553559892518481
3.56450846342266
3.5201192869140923
3.591418168155724
3.6212707874871164
3.5291339052943345
4.39590166706117
3.3575507442140364
3.3985447257200123
3.5530095357309768
3.356215840822428
3.757992961953694
3.811675847267126
3.6382260010019114
3.8667689873229465
3.68108930039482
3.917271248936561
3.48644799784019
3.651425553986795
3.756801978967689
3.301959077720497
3.4857749101072275
3.2975618335120216
4.05632677768521
3.7534213879574847
3.4428786703072904
3.868498814156325
3.6464785769383603
3.703383658202378
3.555688463340852
4.034151679965575
4.001801836929653
3.585359597777812
3.531978442252605
3.8473072794999683
3.849164089865151
4.1337074161890826
3.8149121983284817
3.4913669238640304
3.65169907003397
3.5014319959060183
3.5210186758441866
3.233409912639897
3.481135814282297
3.4722469533258784
3.4704023620092386
3.5145108747076876
3.5253408733444456
3.708987161198288
3.810368697137241
3.4829576204433534
3.8379971559456973
3.3548675687532796
3.3592223141940925
3.791063782217967
3.7697112401190074
3.406625274713756
3.585076155290791
3.7017561510848043
3.516583395775231
3.795011020128155
3.670757521993955
3.5363468448985476
3.7331076877130984
3.8448722220798195
3.275048663864121
3.465468384709643
4.20995817028741
3.657558720229582
3.5837386480483784
3.6026582075020275
3.6309536001370453
3.6309197957747266
3.449303638661564
3.7070657623960948
3.623663077381931
3.690267345675858
3.8820146262366455
3.610155088559881
3.4105726001593353
3.52025591357862
3.626291168865222
3.5979519350523548
3.830288744843842
3.688958380036492
3.4158539415888978
3.9680036464936075
4.182606149717996
3.5470378141515893
3.69527440728746
3.763657734895669
3.759094116150225
3.6488052969425815
3.8297960093525583
3.565055870824314
3.6726241653019884
4.246182790547779
3.689010720832695
3.2746279308969544
3.8047035892012757
3.588189887008821
3.541353014781063
3.6176228322090873
3.827022507798785
3.618008777845912
3.637489647144851
3.862713229198546
3.027301603072633
3.7688988533850023
3.9643815564771896
3.401295283013931
4.130109024288219
3.7522838419922895
3.458044608775453
3.393358067143245
3.5228156510569804
3.4615558717307158
3.6341645009220533
3.4477058169869355
3.597712961545061
3.8883815160301016
3.2165319846992046
3.689537700926074
3.0855846233450586
3.909045531359566
3.2844096652597043
4.192151003428965
4.057128530872148
3.533383223496455
3.622289900219845
3.6796653202865612
3.515679932498945
3.6362144583345763
3.8073853513289238
3.613573694665995
3.469750889679715
3.610221926821727
3.403503688874383
3.7678574706469417
3.625836034116328
3.3974788964291625
4.59534997714108
3.540452851153915
3.507497050105045
3.7380633572984734
3.629811361495706
3.695621068072393
3.609727382281237
3.725746821173706
3.877398643308157
3.5268998459920398
3.553757415051529
3.634025661811981
3.5896232276235316
3.6575861619447854
3.837528867564911
4.482671028267263
4.335505903513872
3.510916700350462
4.122155316470547
3.473106578063859
3.3525632925266207
3.3628487985575966
3.7479710502872
3.6844730636676943
4.058699197314182
3.951219660458524
3.5819086062242547
4.055866967563464
3.5871799706587075
3.552559664784114
3.5902510874318194
4.1320168798187
3.4887340725871376
3.5749871896292373
3.991648243674773
4.0033957007636225
3.9346207277837695
3.7159773687450097
3.8112884500369404
4.0004513329709
3.6331353119326137
4.785317174503339
4.3907447603779195
3.791775153566894
3.7603916978264937
3.558351953854562
4.148697840762339
3.4933183568505317
4.586600306008564
3.598343654736159
3.8059882834114536
4.082901749680435
3.129850264753231
3.558848758053036
3.726337755254136
3.5658218716541845
4.421683482291157
3.769918946742645
3.724778948695468
3.8195338797551974
3.3923722075992617
4.234867948130469
3.5896232276235316
3.782511413000783
4.532764916864442
3.557602139669636
3.5797518222313602
3.692667782041705
3.9661433730320557
2.8074337967518708
3.9157255538241578
4.049676025917926
4.592287312334412
3.860935059072306
3.722297516559452
3.8704721678316125
3.9006475074862426
4.0780688775376825
3.657654768034348
3.727990517521555
3.4674957834362172
3.1956473644103207
3.4686337674165437
4.382411472479018
3.8331272617907977
4.647997606877129
3.5221189067342915
3.5688695742887657
3.4536594178192885
4.250018798160069
3.2974837662337664
3.3118993997819244
3.595871939014012
4.047910655346356
3.732682506639868
4.519176953588053
3.6082145166796655
3.3331481584356424
3.2294980697538462
3.7209657337219677
3.419552827707146
4.148287448664942
3.5364430455847513
3.249783347776815
3.7669294502407937
3.619660884181061
3.486111421484279
3.318660316395969
3.4888589105456576
3.7536742696216105
3.5795448287509046
3.558017582080729
3.55445701567789
3.704326368249933
3.5510652285156
4.69820083001548
3.8980548706195606
3.7091917576052698
3.8305031807909105
3.382401279414966
3.7305188003799388
3.6948227953513446
3.7401533271061376
3.4202125793664715
4.763405321822992
3.9040797633527036
4.527734112877573
3.696535303807811
3.741818370217429
3.6619855849223844
3.7537790448653596
3.659336421563062
3.660421736898271
3.7238862476880876
4.5552020407305145
4.478064373897707
4.595003463925688
3.5469894245146083
4.465180181469503
3.5859661834194116
3.9058274946219758
3.4629205561627994
3.647934988186303
3.8167154521193045
3.5980249610675252
4.003157362063002
3.8954267689732256
3.6679473132285927
3.408977673818527
3.790507403152536
3.73689929343858
4.12382034946734
3.545125815606189
4.784424856927295
4.148287448664942
3.5524593493898426
3.9497550645481123
4.35499216101411
3.4511319712865816
3.6610642995539138
3.5810863546836473
4.328735254551831
3.4270800838316515
3.9240820917973602
3.629145950291867
3.701752637498754
3.511972675051576
4.580798233456271
3.5422922445598566
4.302992455419894
3.53696261974659
3.2616577082589355
3.5644367915681876
3.009867735607044
3.545747875506064
3.624124402251789
3.1309533271195953
3.8268122163620752
3.6864756442116184
3.022232003577083
3.828705671687507
3.153951658816831
3.4990382130860436
3.517760178954774
4.431198821073872
3.2422941475759277
3.5334280412849357
3.0424966571543135
3.1549390570938805
3.8029747063177166
3.813289607612499
3.8010176981231747
3.837819646093985
4.528149414997928
3.9629917539286965
4.764033744017473
4.064858464755072
4.2436369927629665
3.5314475403467878
3.452528180154691
3.5892400106388758
4.045626366695574
4.290296888544687
4.062703135156758
4.02699116643348
4.6734347588507665
3.4203805568028742
4.396005721570524
3.6846262277363544
3.687978136909096
3.8925185792906034
3.7963852571758987
3.940516389517014
3.891897070299636
4.1415298811380925
4.651911756812367
4.357936304849936
3.6299971797714217
3.962685725491551
3.7078763851057457
4.352100558073202
3.8427696318725224
3.460984499226603
4.3506246493006095
3.577187450125752
3.890126858034309
3.6660371736169406
3.543824386236876
3.6259337941678247
4.4997957784992835
