3.519946215221831
3.925790776943438
3.5665405002964685
3.5700356200303993
3.9654647673412255
4.203809071399595
3.671607732773046
3.92217618023184
3.830826855245503
3.7196949478173296
3.8566446612950034
3.5641697578413964
3.75869903908859
3.742532478164662
3.708232554388183
3.5580287808948086
4.116873934115608
3.825155946826507
3.4400967355202026
4.159841926006812
3.7630943925189686
3.9374186676956455
4.0407754652195305
4.0716819609220325
4.248859977757218
4.317099599804867
3.5804916910214697
4.370500433225856
3.8296311969416563
4.028266344942462
3.9556844669171274
4.16832531278071
3.4170335706463146
4.217860953995791
3.820716690036717
4.065135668821528
3.883351876338543
4.0726271601469
4.195955308880005
3.938911422744653
3.4745989444168406
4.098973821903686
3.486859768960672
4.246496375084532
3.5220072623789753
4.238073795459964
4.071466450607514
3.895723177702439
3.637908093708875
4.37137926851525
4.250196305941881
3.9703927810318453
3.751243771763075
3.942296604598492
4.050255571126538
4.07914770287896
4.048525628179358
3.4791533480327566
3.9855404592139716
4.0145890164859095
3.877490681905205
4.250209854111547
3.948289255619156
3.991900434019375
3.7974298994440563
4.131761886562478
3.6157995979230844
3.870276086144605
4.11346584177965
3.9812562455957354
3.824954769909846
4.032140189450107
3.788592736699435
3.726271799854489
3.589220851937461
4.181768950992804
4.2250248220208295
3.8678435225224534
4.297590985373149
3.365501922542973
3.836566119860081
3.522754794249103
3.7659996139850396
3.950640695154737
4.002701823731019
4.100192299018824
3.9102595434771983
3.966786099984827
3.93437076133025
3.69227133763606
3.907814652351039
3.728644190399487
3.956506128133429
3.9502934574252184
4.125940198622761
5.059531715042114
4.5323108440069255
4.042372144822024
3.8142425724777604
3.4890009245852447
4.382658696071385
4.943288126963412
4.141301196836046
4.850919127901759
4.250765403445458
4.033534808397013
3.896288590303307
4.0668343558032705
4.1569454764638945
4.274915543699789
4.092017190564217
4.174406712445993
4.635230533190568
4.646672808019228
3.725147445992347
4.383095714756897
3.709721696678315
4.367436827755935
4.1453053898297005
4.704056072348382
4.062010654653947
4.904184495420718
4.206625224397165
3.796633335389843
4.260608649248589
4.023497223786916
4.029954652935268
4.044947456132545
3.946941268527189
3.4008747049741195
3.8508266762167165
3.5601505231641193
4.4334838870569975
3.3294766895013272
3.588383684337064
4.114963860329897
3.4538108917653374
3.8620178270742893
3.308700061376386
4.522124494087322
3.708689831143352
4.124672346340487
3.5721780909387233
3.353681797640517
3.638699019552549
3.665988153359282
4.044358524294461
3.667850465404376
3.823879746629728
3.6261083426781164
3.944216939820124
3.7685719938572273
3.5676729585552347
3.3183812604373464
3.9346184452945407
3.8891740949891878
4.040457096911374
3.99544918338013
4.14936898471165
3.403389265199749
3.888153379874529
4.198527366526191
3.8754920663833037
4.056408415424898
3.7668046572772784
4.122640303756138
3.9598353896428526
4.378461036622543
3.8859851943964094
3.5815207853558775
3.733290027169018
4.250806059098957
4.062464453436032
4.004681472641518
4.293531579998154
4.028006730799247
3.939365289464561
4.033193179870333
4.03971443258676
4.316587133548731
4.270607013404367
4.463095223483914
3.95009840682656
3.9007683538464986
3.9091284011860297
4.133973823677748
4.013823608507701
3.860072376357057
3.868737601904966
4.358129273009561
4.192713901781484
3.824106401936527
4.196082956560051
4.436660569955601
4.231035704652553
4.141133987425447
4.402338522223005
4.4609051845755285
4.100284764776914
4.131130339227767
3.961545279967357
3.9101448708674655
3.59961484121199
3.7804610650314907
3.9220069694063846
4.0730294174549675
3.9649537735951923
4.11531101462993
4.134525041267728
4.183710930676956
3.9584050794253978
4.416985517808733
3.9254055189238892
3.874185815637183
4.198368723832355
4.10167225177705
3.896098836235278
4.2771050841948135
3.7247936231533174
4.1849409086343705
3.942428713496806
3.9271551982280677
3.5768193491619518
4.0055918061614015
4.047120625442021
4.04455072624964
4.025359766529133
4.200568757009699
4.422621265510962
3.769097546129043
3.9014379725007147
3.891387483935866
3.622040114094264
4.089670106760838
3.8315240557448433
3.9662669000153694
3.7526233182384057
3.4821972664751457
4.024999270468882
4.14524954402255
4.39953496915376
4.228186784379386
3.7984901001851767
4.267791087358482
3.6056273025310603
3.919570415082507
4.358423688904434
3.93349637675815
4.653700680952753
3.878306498684285
4.250087923693921
4.399264003132275
3.8543666119346605
3.8549089374136263
3.9987763744294242
4.023440564730118
3.508775007697375
3.941208985562366
3.978986969812421
3.9198469691743236
3.907745933990356
4.138130806314788
3.9166804566457745
3.8427471030490277
4.476866909462082
4.045782069903023
4.08023371578724
3.8553845264142033
3.803980865976244
3.876235671252576
4.013207465769849
4.042347633811812
4.052561725580783
4.128499548445362
4.253993170213965
4.196593624954624
3.642449838912656
4.186316188275384
3.349749899298144
3.8599531787679418
3.8536202353598563
4.0311324358016964
3.916891398310645
4.126242385793348
4.059920364662047
4.1479834578419705
3.677011325194882
3.7828672052839094
3.7365367908753773
3.513734308980226
4.210894214968255
4.182525408841859
4.5108491560765085
4.043822908863352
4.1807505701498595
3.814191653595114
3.8547046188034417
4.480392123918685
3.6883866535728944
3.8918607570058357
4.066681374497638
3.85040039351092
3.822082079212651
4.211133605583121
3.9980249756620228
3.91400155777262
3.8167756833221214
3.7882769874484916
3.859804192133333
4.216300428270716
4.388727115531046
4.0289317589611
3.8985404839063373
4.1807068739182425
4.323482997903111
4.017052387384447
4.215545033086759
3.6215908380994977
4.095809168059242
3.6574170589246466
4.25339607092538
3.9216955058349927
4.203548425403304
3.775308725871058
3.995329459861422
4.44223319947404
3.553164670528364
4.02507217457543
3.763791945108858
3.734792392227897
3.968383885583556
3.858039575769968
4.571924951851916
3.8548197775383506
4.019510704961885
4.195237985362815
3.775886058862288
3.662252431735615
3.7228384036841207
3.9282967985363166
3.813511653138234
4.246334086703772
3.9541516120581854
4.139715394566624
4.043238391357174
4.295385038314834
4.362982709499522
3.643893244859605
4.195374389966342
4.425831364760424
4.373520520011589
3.604977392285529
3.9222607911200016
4.2725730716809585
4.107341256394617
3.9563730741117693
4.241268817979587
4.09292159906354
4.322137556349869
3.9062767030633996
4.376769856310645
3.9824572757005394
4.421858573486315
3.8360767675682728
4.104614304786082
3.997649382163288
4.1253061750676805
4.052943602276538
4.02551370586779
4.430537479577991
4.235103288875337
3.884272000031074
4.017576898932831
3.5083010788902893
3.645264710010079
4.016596577056397
4.017907815132044
4.779869103284606
4.235825339977931
3.788779340544012
4.2494964346724915
4.160958351927616
3.9943639524630745
4.091519099211155
4.135922972570559
3.678763052711156
4.195977316546627
3.677744953904064
4.31879626510499
3.916128280614088
3.497775414836164
3.7610351120835475
3.9945753666520867
3.9089794143371592
4.065098487173598
3.8000418004598053
4.144678284890679
4.24451820473858
4.215847158677109
4.000744138409744
3.971910647898065
3.7855594157746157
3.7749274977987453
3.731183176841292
3.997150032027165
4.172569113391652
4.017645499031747
4.115200934973653
4.384532247138544
3.5995111863808895
3.722058968580239
3.7317087961040962
3.904297851074463
4.335446502215955
4.445931361488676
3.914059006396551
3.9426346656152975
3.87165090098156
3.609870468822902
3.5811488325454803
3.869119301391819
3.9033301260970794
3.946403888786392
4.1389186661092925
3.948733591777947
3.9127534241483404
4.101377857891358
4.042797049566714
3.8207203395092093
3.7032407986038782
3.9260219680559225
4.054936276676412
3.413997560698743
3.6954266323854252
3.745665562631742
3.42576621543616
3.833734757310214
4.053588439165772
3.9680965041069802
3.9608078067521872
4.065416618813325
3.6558359480176685
3.668361755494518
4.158535862693463
4.026514598631992
4.3391713267558725
4.356738458455231
4.5064887805328695
3.906696370581404
3.6063197146679844
4.0394818960520125
4.018699006477139
3.8923682336043717
4.104268952744473
4.0868538173258075
3.8701375350126503
3.679927284636855
3.7152415928726805
3.8800784163847952
4.259447187646751
4.056112256962823
4.065598430679006
3.5984458312454852
3.8836761324799602
3.9242039997449267
3.5885382089605797
4.058894560066566
3.938283164528671
4.372731645458918
4.359102896623875
4.095754647913571
3.8186266881909923
4.2244269036851785
3.856124151773191
3.9096900690939975
4.0701117449179565
4.197430333150046
3.423206774526207
4.104129986004916
3.727292634403843
3.8524548323748746
4.166666666666667
4.134076364658608
3.74161877394636
4.292098782653483
3.9781440764440164
4.0903559632277
3.968612245748376
4.179261043958513
4.0222146917424935
3.536902716606554
3.795505741651311
4.492958410930469
4.511052642856579
4.298768725167894
3.6160545590311863
4.146289381974836
4.2496995993595705
4.037455474436346
3.9460885383885356
3.8063663380186528
3.998484574346323
3.919186376908154
4.049509300710486
4.502684162596427
3.894300885369306
4.1590158104986035
4.126118951883264
3.6988472542532125
3.9970501769693962
3.866676977805274
3.908570713861355
3.9663888211297462
3.9413915082719955
3.9902398732699815
3.394798998194816
3.9226723597718185
4.3846187573990445
4.072336920722799
3.8137770790090664
4.025849982739168
3.8246695007467664
3.517442116093177
3.8617195464796565
4.132543053350098
4.099793062945148
4.261561883738199
3.771382560561333
4.385229232376586
3.853230452080263
4.188622027125517
3.8558788174405256
3.7312145009920363
4.076059265901726
3.5861092059905957
4.165898579116142
4.1184295604400125
3.6054030570212525
3.8919175575103795
4.337068271960203
3.923892187138266
4.215198530581792
3.989591156672242
3.8884481980931045
4.349116640046448
4.028315026320003
4.304435505566711
3.8422856989165712
4.2987132876451755
3.8406144983197312
3.8020319960002626
3.705041635405378
4.386643110393163
3.4853831743127257
3.6594012304736636
4.0302835505992025
3.664728636006325
3.962330127478066
3.781633363082183
3.909445513569197
3.6967859218998522
4.358836887964816
3.916971945667682
3.8062431903930425
3.961867029837811
3.7489514651370945
3.709859322134504
4.08354942115687
3.9071504760862856
3.7815582856305507
4.367737271867623
3.862886831901651
3.8670881792782086
3.8449227314715575
4.176184888057364
4.027564652481584
4.151268056718775
3.9847344821986965
3.7121178374686328
4.150596077479177
3.936903251586818
3.986060745572732
3.878535891486323
3.553660270078181
3.800503946823349
3.8526218054541572
3.8626145265207112
3.9784210442559558
3.772417591537713
3.6222697142029197
4.2053913116615504
4.297683333798916
4.674639263931302
4.410882529376478
4.5513195413180165
4.483621331276846
4.2482372470572995
4.124344873593985
4.034551902492949
4.2680825319119196
4.084650292665193
4.113212048420732
3.969124182980594
3.837773477339387
4.182359227016367
3.8887506222001
3.683912904931102
3.87235179541591
4.264401416634151
3.9356017485878567
3.733000847391193
4.058890441414483
3.8385763488037563
3.9367211443261025
3.855752445270004
3.7795144646742957
3.97253784587149
3.9198776998157654
3.6748020659737217
4.117090040759192
3.788703979086354
3.956537436262655
4.244365074817545
3.9255634655659386
3.734321683805647
3.9251705486603394
4.15211695683044
4.000364033127014
3.773207584901887
3.9926335910245596
3.900890085595281
4.0389842762342125
3.936620411376833
3.764372846072912
3.9255442030998062
3.9757242278646583
3.861179030322804
3.4730271686232834
3.7703054512961365
3.836761159699428
3.8738256255502046
3.8534494634553305
4.473822545828719
3.8050230108766585
3.888879166690972
3.728727608990708
4.388683778876168
4.19356225290745
4.0602376863141565
3.7134756460983445
4.064412814280721
4.106712935632408
3.785914127895751
3.8416472983615373
4.141116838505761
4.27603060355103
4.091481433368691
4.145967062364673
4.1385204168731615
3.82278706024808
4.090268127301415
4.186351239055308
3.5158097173464777
4.164250533804865
3.7849755395955755
3.9438241685432693
4.212428559844393
3.8531042534417854
3.7356120566879127
3.47414325456003
4.101028845611642
3.995385329943915
3.775461951366387
3.4605788164128333
3.977016819798385
4.221386387717454
4.146181936536466
4.037125405226463
4.042678557531864
4.276739242931619
3.5254653173535737
3.9926375763092854
3.8467012613333433
3.5316065543086044
4.299725247556681
3.8073481819912436
4.1983951634487715
3.385552661848461
3.6403547889777332
4.116971391165803
3.9307789821247825
4.1731306721974555
3.5479015492799095
4.247551552002243
4.357929852582128
4.027370006564613
3.1513432600646025
3.929867583111787
4.154053057642679
4.085301086690089
4.605085165293776
3.739610893486532
3.253688462583396
4.078324216579408
3.8753343686934985
3.9803292130292096
4.052709540280893
4.222915014891054
3.938841606377772
3.398831651619756
3.993283297493616
4.157209016154915
3.8458801969859833
4.081453568874019
4.256007354380708
4.3537557129438245
3.4028738971498376
4.156517835618033
4.271596658757094
4.169624494042128
4.121875618281343
3.924396501400519
4.2727373719246975
3.4606386954776376
3.8783027383726063
4.022671778141606
3.5071567918283244
4.153483682520168
4.141858659073259
4.007277215423208
4.061540461066073
3.721103307130564
3.5081780014436155
4.196056546058015
3.8750940921284247
4.205121627886685
4.042792963518847
4.0429278074596064
3.8028814432695652
3.686948570754387
4.036958353728383
4.230127390286358
4.425307448234966
3.6707350646967054
4.1266510472924525
4.213697677725867
3.8181236785712582
4.253907213775853
3.284970357248739
4.004396827716833
3.835712593891053
3.6079005806915987
3.606960351390077
4.100629446620056
3.9107718299283545
4.195730843866366
4.2639332012224695
4.211142472424913
3.8320195892841404
3.611656621746687
3.7505649288424068
4.218795154291886
3.778496951697584
4.3731905923923975
4.52495342126072
3.9270896534932445
4.116793429597687
3.9269547153399613
4.146134662307697
4.561643195111744
4.217772004116545
4.60822060473679
4.193834853074239
4.042870599840711
3.747069089396638
3.725341730253593
4.359901117442656
4.3067203140460455
4.589313782856618
3.8677500234482345
4.398117605664775
4.845724254061323
3.642313852721218
3.7369975840310623
4.348955870057548
4.117395171118943
4.690767045954272
4.00297420983791
3.5488427223882293
4.041461352010273
3.9431049388375135
3.3791061419478017
3.9454502054593195
3.568385885249631
4.016532045900928
3.8880097666805336
3.6708799190938066
3.764372846072912
3.9923905036999483
3.324539925231097
4.098356456601992
3.6698257750213306
3.956118731035356
4.228419205480031
3.567049381339873
4.144278926548872
4.52381733277992
4.3788780438676005
3.8340838552479983
4.028700462091943
3.7183671534319136
4.328428142141251
3.993953154923446
3.663298873901926
4.114540580685112
3.9352610209444427
3.898453093812375
4.245112813873028
4.255812642104244
4.133525266689883
4.5116479470873925
4.247556062430579
4.125238103586792
4.126161514466323
4.050776483217127
4.103342685535204
3.708682953965973
3.7798323266379903
3.9697111042743867
4.531653600398786
3.8085009549816147
4.006895867788464
4.227087600049879
4.066912918243866
3.9564787339268053
3.9556297016367408
4.5011083979429936
4.047333566055014
4.050222762251924
3.725657485404737
4.022744597956848
4.366321254269444
4.5498751628002205
3.7041735849825392
4.381621725833165
3.531846661345351
4.226064889113339
4.211967251954616
3.845843220355279
3.716038888346967
4.164025113235458
3.7578374397101957
3.8694374418375186
4.284664542901274
4.0691056207573215
3.711542619179953
3.6881758005877106
4.061008531163672
3.791677646733185
3.668812616312825
3.4946462020185076
4.5279909077942575
3.900098965011237
4.079522124778303
4.228834945400455
3.752975405813922
4.054319776363721
3.7364216103416683
3.483825902768161
4.232504150499382
4.339086600575146
3.762340476763786
3.7847391746997756
4.204264174939432
4.1549635194203
4.204440940743661
4.123732596559776
3.8169577892180486
4.1327394586731225
3.8242197396662414
3.561152103928663
4.115399929420891
4.274234911950761
4.583833735182758
4.018226676203258
3.9567292093663693
3.712358999964733
4.243815699571799
3.744462875522821
3.680147353100018
3.3168926023344287
3.7665776498815413
3.833617180738757
3.8285938531925687
3.6102321198741474
3.5454926595006353
4.515799087582795
4.352111971136793
4.310906917820104
4.017371112691277
3.790405725028807
3.8891778764116505
4.175753279793216
4.290726774027801
3.9646040153509468
3.8625063610651633
3.741314305008778
4.431234442212825
3.9378179172684145
3.7046881902876043
4.171807550345895
3.7789038911373365
4.258871228769527
3.4329165200525233
4.057301265776562
3.7566692618990154
4.482104078938817
4.1318301735162075
4.027755261507045
4.225908623177841
3.9856913679889194
3.7205633677051377
4.290676146200499
4.293185962569859
3.295601443143872
4.285839799594131
3.969364445211855
4.241349767149898
4.374768957514432
3.571763424249595
3.552883786947771
3.9654765610594165
3.6462649029683334
4.099356093641591
3.9057007608305083
3.933469300255479
3.9949184637141553
3.936787010964936
4.0373169202942805
4.160594798632412
4.113085163484853
4.260976274884102
3.86145858875273
3.8435705232732995
4.224239531278381
4.287383302785727
3.90478570536049
3.821311646115971
3.826608706300129
4.093738422396024
4.269836593353572
3.8750490435894585
3.857076047075613
4.4864224033989135
3.86942621246052
4.024910169036165
4.0921762704928515
3.6031848550934176
4.018678819151416
4.006891853988861
4.147484550620049
3.9164657030202807
3.89330779323421
4.208785207803508
3.899220740734964
4.36203113617825
3.7988652789411805
4.072233273810857
3.939543761436988
3.4835983480776633
4.121935083644368
3.902899756946918
4.272828655298094
3.8432566219311592
4.0255056035038
4.003358818048342
3.6872238615004975
4.244148910208663
3.940137491097752
3.8537650320922285
3.7229562133812353
3.8528741477923996
3.6784788754154385
3.601984333169143
4.208749780355871
4.7370802058735055
3.920088986019983
4.37780453102769
3.8587876653852273
4.004196397824921
4.057556438074081
3.7962946266296775
4.430439333440402
4.181664030475967
3.663355908764121
4.176725614187502
3.3482750105679933
4.230386868879159
3.733753505061103
3.8698454867443277
3.426312020530462
4.1267702554780294
3.8741895679697507
4.013549743935526
3.4545237852598922
3.987769510910039
4.268806761789911
4.013118885637148
3.6150251289434276
4.147690980431194
4.615292309538424
3.5448988020014496
4.483284633654001
4.017371112691277
3.7827205326070508
4.277041057455631
3.413505191941397
4.240396561886468
3.7059993644211096
4.085659946436998
4.139017169677974
3.904576065534404
4.1735181923658
4.059792625792674
4.3031574417729015
4.147084651328674
4.012901478252582
4.000840176437052
4.090715711620906
4.490920481516494
3.89884447996725
3.545590083693654
3.881629702230482
3.585472740098941
4.253848403477521
3.69704559843615
4.528247206071474
3.7730723373428514
3.928925733481323
3.9592670604817637
4.239106820192985
3.4939136025044375
4.259619552079706
3.9576726905743076
4.641189629725892
3.8104237953345175
4.106046872578074
4.192459023953615
3.821267839350079
4.453142916942205
3.955234654183946
3.7064114431746895
4.3582812246334415
3.9227416041071104
4.115641288936539
4.262124946323864
4.051592985071906
4.137522989112108
4.086916452188698
4.871620617672778
4.124306600952715
4.3295478653164245
3.807308318683128
3.813097226353077
4.194622075037595
4.043499972706376
3.647531715288264
4.119965145094873
3.937104751593297
4.314785150666904
4.181712118392634
4.0869665614613355
3.945598093487001
4.0542992295817895
3.845695320942503
4.271833876924195
3.901198253043422
4.71663072201004
3.7259732940864145
4.248097383384417
4.081536861889976
3.9577275124396323
3.835999512828062
4.2026121335716216
4.319421197559527
3.739775220810353
4.520581075491444
3.852187705550328
4.295131361223769
3.94326431306364
4.092021376719672
4.608523233293815
4.457549640387183
4.037940488833075
4.014669602728369
3.7051068413871553
4.17874148842593
4.060559179604623
4.14110826409918
4.257665394334325
3.788937250462961
4.00986828585148
4.457862610903263
4.678926233218738
4.051318045684688
4.110696958392553
4.13668004537938
3.763586547436245
3.347633306942824
3.7886716822365285
4.196545194168901
4.230109496384314
4.013489337663889
4.062815185584319
4.371097429576157
4.1232480061518855
4.064189813921069
4.255957542567555
3.7814510372992873
4.272066558796986
4.3613129732706035
3.71787293053898
4.022542327201638
4.057325958467183
3.6653834770010936
3.70221253476609
3.9068261042399803
4.005900691718902
4.023347485458113
4.228463904774992
4.053958183421337
3.815399524791989
3.647112672075335
3.9796322421844996
3.9288176812510924
4.697051895377866
3.7122659764326795
3.451176635534177
4.1733527255123315
3.9204847287318603
4.024112481992097
4.193522684860964
4.367618043066898
3.837732974377376
4.485436348854813
3.9784606142345345
3.824709728436048
3.937000124015504
4.024063902134766
4.110819471307508
4.130899957864821
3.940692576720359
3.2942552306596338
4.047182048319306
4.499989312525383
3.910997431452437
4.425351511202224
4.29730011377102
4.169794012175799
4.4034919691315215
4.620532955373737
3.7445119496737593
3.98002029810352
4.120347098039539
3.5503483779345846
3.969135998475852
4.168455628874058
3.871501009977826
4.547557790932852
4.116505333961786
3.851316090991194
3.9002206549835554
4.033575482314788
3.932204856076387
4.252595678087013
4.908613881069194
3.8066597512347853
3.529518688360265
3.943194342304758
3.752257217232241
3.8865817707655204
3.8995210413280987
4.0217941022400385
3.767347457746843
3.9460729668352297
4.42779103040232
4.249198494933893
4.121365985542248
3.7587061030110998
3.4574440499116625
3.9724116014280817
3.7551457231237184
3.9829926215061686
4.0252868520042915
3.825031580416986
4.128759493566361
3.641040718668617
3.857555891162918
3.772378456323874
3.8724755090127023
3.750392619227325
4.21461227147582
3.9471087428458653
3.789726997541415
4.3306869227329665
3.7814510372992873
4.163132340773197
3.71301718848482
3.656587891574856
3.9156145899715233
3.81333714667048
3.7334816770052996
3.829671529072951
3.9420129889327984
4.1265063037541925
3.8507970187129477
3.9524402860381036
4.1250977132520825
3.957104981995172
4.108788390207525
4.020213634152519
3.576713804774019
3.4111792873193676
4.009285505230113
4.097067728626622
3.955997440469656
3.5423998696396843
3.8729629425223253
3.7885819716538296
4.129266693851005
3.712920685516546
3.7612508415798755
3.7898778048648767
3.5469954731470277
3.725133569320545
3.6884104610697497
3.86885734265599
3.7446486630200027
3.7961937463402324
4.239502197651952
4.068128955619764
3.838237481348565
4.071168089370282
3.7024010070530737
4.111508214279474
3.5645445447764716
4.09530176742986
3.961086288303705
3.8607429999903484
4.3184745420527655
4.034816430982952
3.745360434761439
3.525530570316267
3.686024438342026
4.213484625521287
3.6053835587298955
4.130635477615054
4.062159159458027
4.3259471390889335
3.9010308474014264
4.157308392254519
3.9794817918810614
3.916178123445767
4.209626785013308
4.046793068248153
4.177763851898272
4.089398337046166
4.541800460538567
4.113732358515889
3.679443226650943
3.494899630851226
3.540966772453049
3.887537429696315
3.8682100824895804
4.565490824504815
4.040444852978313
4.266307159183387
3.9953374412061122
3.6474419122078965
3.902606550915357
3.7008389801968105
4.035781236442297
3.8699802727755594
3.9911078117953203
4.143025527251786
3.9372830187936363
3.652834599649328
4.209759696392131
4.44075368471537
4.065098487173598
3.720611817407254
3.931741043739636
3.852243353917154
4.0651811139815806
3.864196672153826
4.056692274536649
4.3184745420527655
4.061825038917362
4.066280370031514
4.102896542386511
4.08457104345473
4.086507272450505
3.9986604487496686
4.160746271451248
4.152655779095323
4.076283570742882
4.042780705424805
4.299642054798938
4.021919461062792
4.016608676878894
4.166770835937565
4.002902104025418
4.265561033246849
4.351382869475919
3.897211058336378
4.097441250375172
4.266885131185384
3.7495383380921226
4.136265118049006
3.983309931387486
4.086787008921456
3.950632891389201
4.374118341771736
4.943220928608768
4.042372144822024
3.5164896993225483
4.312584769244371
4.461323116903396
4.070140735291274
4.363244464951693
3.9074749018002715
4.243122428933003
3.7469146499679167
5.210945591214346
3.796889208671336
4.159197441261734
3.7812186867827506
3.96417574380325
3.793238173631684
4.364334657181513
3.792997178958348
4.040069408392436
4.020096462214611
3.9676202511305236
3.6106525080946312
3.8661201261515
4.664168227219619
3.8547343365279447
4.168620707623365
3.6998702270517865
4.059537172167001
3.7745605939648548
4.006113328939962
4.2915553991522035
4.639682274557838
3.8417875068912064
3.9481177841978563
4.024687432712257
4.330349361760634
3.913729657167066
4.095863689656408
3.8393058535016866
4.081882564238627
4.028051349598605
3.949610864589566
3.9479307414510028
4.493947775832897
4.171637868459915
3.93605097973229
4.4972926298368385
3.878535891486323
4.258245560246722
3.704547517304868
4.119112372474856
3.5862603194640696
3.9238113549214892
4.182844689930952
4.432088765873803
4.722617085484091
4.343968454101086
3.765194914727748
4.417161112638713
4.457524803339577
3.750375037503751
3.55831680939965
4.365820861638405
3.507076842683931
4.103536325016491
4.153789917921111
3.881460205329245
4.900417393051454
4.282045490310266
4.203362900488536
3.6743328559762563
4.117539276177771
4.040889763517029
3.932889179048713
3.906944398320795
3.9110930331699802
4.073693108329684
3.614580857721965
4.080250364162345
5.044034420490886
3.9967865835867964
4.097865217115143
4.135332904637155
3.8758750999249045
3.999292125293823
3.827165218722492
4.334384782841904
4.091481433368691
3.5179432696468336
4.603378649759991
4.069838427414432
4.184446204236543
3.998520547397463
3.7211102304483563
3.9343281937892693
3.8353301020677226
3.854043517932382
3.7506247134288304
4.245311053940922
3.8517611214787677
3.827949004063368
4.3351598806964
4.103216408762418
3.450938439571911
4.1900699532178685
4.062357182755294
3.4272103364663744
4.302148492957383
4.27332621824518
3.858221919137456
4.2275298859940875
3.884057014072909
4.3486580041399225
3.8241283377470148
4.3583572044189385
4.177912213708566
3.748470155617738
4.007502043826042
4.038348154071059
4.203287811726333
4.129411631107271
4.096123735705808
4.151500715614936
3.561152103928663
3.9750841724073505
4.147600664860387
4.209467302436544
4.32197410489215
3.6566714599535053
4.471736945602438
4.365258652488307
3.8352455228302573
4.282572712731446
3.8953324179302156
4.217883192051821
4.141001087012786
3.310822499356459
3.935919297910716
4.153776977483413
4.012639815418568
4.2997576011652345
3.935369427885831
3.513462710741885
4.257733374349498
4.120330120849283
3.9099652306341866
4.01568526665154
3.939951203704342
3.982746741117479
3.7929504223450294
3.8035612744212406
4.4818881298313356
3.807866480969711
4.1065485075776085
3.6868432234438986
3.5711798642594537
3.827168880524398
4.116861222666614
4.4198846189120236
4.1683513753475365
3.6944982455751454
4.029836912500151
3.9508397015930776
3.919409109882594
3.9493300948826553
4.47372247262641
4.21146613770652
4.4501752812788915
4.323609175995754
3.941177919550706
4.405373674808532
4.049607694254619
4.004280575935675
3.6415313003271
3.9546480956392096
3.968777626413009
4.041734955146846
4.037149852946817
3.667514168065671
4.062101406299507
4.126510560772153
3.670546434247666
3.8064315370465707
4.327908300278933
4.114227409805849
3.867491989457217
4.029897811866236
3.8760854250466825
4.555938380933398
3.897211058336378
3.8099664913447087
3.722277177508884
4.149967370881546
3.651564101838471
3.700065306152654
4.209126227486436
3.830166583520134
3.9737257255029745
3.5969282232973043
4.006919950754954
4.042147471687283
4.087918871162083
3.8480593755561654
3.9562243772655563
4.070716486808843
4.083728689317068
3.906093603674072
3.8709465141642774
4.154618273673015
3.968116186441939
3.772410475983892
4.196377896418706
3.7764207839094266
4.033555145253363
4.215536147695524
4.121854381067498
3.9771275395202195
4.465526692127612
4.1275026854564345
4.32616703763549
4.470872267179327
3.513188068861999
4.170880994338029
3.9967107070880665
3.7838477001300697
4.323571789126433
4.149523945865311
4.036445062469033
4.069722485623705
3.946801068399049
4.285784695034276
4.223017557195494
4.264528716270243
4.158544509421702
4.219551714825817
4.21521629855534
3.976075951002816
3.833492263533426
4.019870218489996
4.102879708695541
4.211129172176228
3.8922091595358155
3.7161528156360846
4.246473834289851
4.020573273440193
4.162582132948711
4.282453503261088
4.05443484219126
3.797858957012984
4.18869220651928
3.8222464297829437
4.079297463390855
4.084404213062945
3.560635395386307
4.187955440154116
4.231922022604811
4.390051703833942
4.1681037941206815
4.098549625751187
3.7474306678483567
3.9800955421934905
4.106291351637127
3.914530148732573
4.224984658024461
4.506894985966656
4.095238875283595
3.8721493720341753
4.1114321454378
3.8333195972714433
4.157692979319635
4.008116435782459
4.005856562294074
3.8364925250738766
3.7680998320369503
3.813137210976115
3.9539327297655023
4.022910475156014
3.6559696042687095
3.957754923941845
3.723427526741191
3.779778750650831
4.15189284794938
4.010897608803118
3.8692278375466
3.6385897917544097
4.03971443258676
3.951386096850449
3.892796283158109
3.965936570793455
4.068066895292026
3.841060747335985
4.080429342775447
4.511790436357812
4.3936827629234685
3.8128209918672527
3.962895410273608
4.153039505788299
3.924331048718608
4.027552486560561
4.008582374864585
3.7834754816600755
4.363644297535086
3.9289102970845518
3.7293081667187216
4.088549811824495
3.6693679330266966
3.9121908757928296
3.9905941695423888
3.9281270591978568
3.945566958244065
3.8567339056083663
3.984702726233988
3.985314117477097
3.8521839957163713
3.843456035667272
4.057828108372415
4.405650246441061
3.774617584056015
4.3290839766532505
4.121416943145054
4.27818925639723
4.4632197220753085
4.162213964852184
3.7587696795085037
3.9814306076459394
3.9632762819712544
3.8947976214470925
3.7438845985011353
4.378331636729824
3.8027440601137776
3.8537873094783897
3.7826418348839015
4.108324183753016
3.9702903175537454
4.180724352301279
4.306136136340882
3.8260633347394117
4.339684461542801
4.337595020440917
3.9214532905894925
3.9820687444437697
3.406255588388075
4.461248480387236
4.1408081822369684
4.310275157190347
4.28729139647799
4.085572312076441
3.981026428043943
3.6660251122720195
4.301320397829124
3.621866293372981
3.7728338981580083
3.846102071702881
3.7496683887018745
3.814508100107951
3.883755319531114
3.9555788495198914
3.924897094104314
3.8184662939207157
3.770838596795542
4.41457250383516
3.590683612299528
4.145442862842841
3.960898014797915
3.9211918854855123
4.153781290953687
4.136098315056949
4.029528383997937
3.944146935249926
4.173818678882043
3.7899496220946483
3.84415414673713
4.134050728936495
3.9668923167246164
4.143828130584455
3.7134515139277644
3.835458816760955
4.022582779725378
4.192854537297538
3.809730623471941
3.7179005759027994
4.545284097300897
3.6327968903258623
3.7105613708297933
3.8406735005050487
4.083407685381605
4.381861721589652
3.8885048990301097
4.3614366136061555
4.281156383150653
4.264683304617799
3.643282561154775
3.915442112146093
4.028124364311624
3.8204685422620233
3.7493098926478843
4.181454205236226
4.091544210158077
3.8621185071753334
4.239605547099898
3.6973873336753416
4.4081506705899205
4.01776656374488
4.049246941300092
4.070414093401757
4.319444519434801
3.9065094166409486
4.0122051279993745
3.957723596541741
4.278894034258965
3.793504382445938
4.666377351270888
4.134341285738796
3.9983167086656515
4.060027506686358
3.92926922468642
4.479714731765881
3.69320542531877
4.148237258429996
3.5812610515477763
3.9149094432509406
4.498607680922754
4.449477297654458
4.304866328519417
4.388404518740133
4.070244275710207
4.419562308646763
3.8327576211989824
3.7109228230103195
4.228723179323235
4.246536949117995
3.881595801665981
4.373553993710829
3.784177031369882
4.182709098856238
4.2057273595181925
3.8137225364305842
3.71506216227763
4.0639007757986585
4.078864851911713
4.209702100430863
3.6724875594483923
4.01431504745924
4.71323499954046
4.1890738481356005
3.8191553556015547
3.9751552795031055
4.078577881464291
4.646219429328099
4.121353246338435
4.194177852014726
3.840632936307904
3.9403432038930593
4.299813065626972
3.9969822783798232
3.4949240596688385
4.122937758070135
4.181130765909987
4.139792513599218
4.408592788203488
4.488123863242378
3.6768795059009323
3.9091895272812565
4.044796116995728
3.6930110688774263
4.012756553082248
4.011255583166365
3.9838772487742107
3.882824133305118
4.464779032504707
4.076786269383845
4.160564505392092
4.005684065689213
3.9569601445081846
3.93411536990028
3.747019948197449
3.9926495322111992
4.023930313574829
3.9821480303798076
3.7328893683577897
4.172347143454683
3.7446486630200027
3.7567504108945764
4.262397449381367
4.28720408913526
4.013533635418631
4.532434098408209
4.3680806871864535
3.9909764023542773
3.7991539284201408
3.676632792623204
4.046772597684032
4.204507231752438
3.928516709945826
4.0304297445715145
4.115543894847853
3.858303793194917
3.9441858263710237
3.964317181053339
3.980123264417499
4.094065243023713
3.8460022249122874
3.9151815078147023
3.656253656253656
3.7899173040044265
4.0466415909776074
4.083999705952021
4.29903207292878
3.444344558452249
4.16109686513365
4.189275663764546
4.07579345509087
4.13281631801195
4.2066384962108705
3.455872823880081
3.778421998728561
3.953018376594178
4.283411951790199
3.6780087260757024
3.6356563359491885
4.110616695269708
4.201883704464712
3.7933101182754094
3.9526238505275764
3.8200489539273446
4.344062806460055
3.9055329685565536
3.812955469446311
3.7818514621110486
3.147153006711304
3.8429280037045825
3.994367941202904
3.654269557193887
4.371871379544014
3.6254543147438163
4.050255571126538
3.423294664367354
4.07915602261892
4.02276482615119
3.6066578904658
4.182617251832247
3.6385666230645097
4.166449664079996
3.982568298557215
4.324651595255857
4.2481831051882
3.93093349843254
4.138845862137114
4.099566163410757
3.7414822817429694
3.851468131508379
4.414762524405359
3.9640578871373258
4.211483874228246
4.168794488853686
3.9980489521113696
3.7803002881533896
3.9661803799005875
4.118972398765956
3.898635477582846
3.879562850857965
4.006342039448446
3.7890628700256705
3.662691730466178
3.8843851600949346
4.208457526668469
4.074975473741367
4.064710186163726
4.152263502641877
3.9622712531277178
3.6496849865645973
4.239075372879667
3.7353957698510603
4.1768608175996205
4.090259762171846
3.677285133931321
4.2340498051278574
4.069047669910715
3.851516341983839
4.078374115375165
4.1088474785543845
3.8803268399297277
4.209671087873727
3.4160268021462894
3.926796656725326
4.0762711087151695
4.047091962070654
3.6334964773251652
3.8227834068263444
4.064437593609078
4.226198840542348
3.9007112947045894
4.081266172017207
3.967639928741187
4.224529519428083
3.641097062544945
4.091155025114578
3.887854827500741
3.4599621826133444
3.65927067076261
4.0225301916031695
3.5982872152855236
3.7773872379083473
3.891440484795656
3.8367464390197115
4.061354888297511
3.926156842113529
3.7736845878947745
4.197205710298369
4.0210946625999995
3.6506542885148594
3.963680792894706
3.951288515184802
3.7526866891264965
4.286827329810276
4.048669050657959
3.4985432940359456
4.1942438197817316
3.7056903654829765
3.709656328163618
4.148590049814195
4.092239068606387
3.658209800161144
4.20843538789149
4.026486226397241
4.198716872123879
4.125995525357853
3.8220017351887883
4.122398122659895
4.061994154790411
3.533066410166045
4.321362439149815
4.2167048981244095
4.250300177450033
3.769172129610522
4.0236348309972785
4.350507323535266
3.9136951935909328
4.009988882305824
4.285073055139249
3.6686645602417647
3.788739865120861
3.9983366919361547
4.140430998164754
4.1625388156744565
4.114815702548203
3.9105691931224817
4.242163927819581
3.788739865120861
4.5229937695760825
3.7251162236261774
4.199095934645271
4.102753460416122
4.224092321761785
4.010165770227527
4.147587762957064
3.6563438937685846
3.8746624200366546
4.504210310587822
3.8837817159324377
3.9856993108725893
3.9937338316181914
3.8235251946413293
3.946929584802742
3.6573000165492826
3.8343742061647155
4.2443740821541045
3.6151068083306517
4.025760843638443
3.9270202555704783
3.502896895732771
3.740684526564938
3.690125408912022
3.5055769347060006
3.8366176378904355
4.198302626248208
3.7864947093202677
4.183815953936186
3.8481149047110548
3.351490030573968
3.810387497356544
4.107758837586404
3.8614958662686756
3.697305311456378
4.189091396548817
4.379817799579538
4.49811191752262
4.104719606603672
4.336189075188434
4.545785148010764
4.216335982949137
4.101482993713452
3.5827301657818813
4.099650197346912
3.7783292039343737
4.035561366763924
3.759165314933472
4.404408372339875
3.673688309589061
3.863453947146018
4.165252216434836
3.9635119093624094
3.759416162669938
4.375721310309746
3.8646596201039594
3.8145590274400303
4.08111210304808
3.9255865807748322
3.757802136686295
4.064148520243524
4.1351747266391055
4.004950118346276
4.1167341124938766
4.202250094813268
3.4848608930653016
4.247041935292069
4.007646589693135
3.6492254975034735
4.3389548108703835
4.298759485481478
3.7267890916883286
3.9764395953972715
4.4740577354780475
4.152138507036318
3.9543783371245933
4.52953426196335
4.463478701395506
3.865675507466552
4.267558870974625
4.316200534993056
4.197954546647146
4.418449234779823
4.125735928146183
3.8666508133983313
4.243131430996075
4.091372624830336
3.9857866846824224
3.7446346406789024
4.073278276188634
4.663907188246954
3.6998736493148763
3.990208029495618
4.335018933195191
4.635746239250864
4.636095480386419
3.9203886673324795
3.788190883150411
4.554988965539231
3.7313954952727886
3.9785753716238057
3.9241077559989797
4.103001756084752
3.3059108032206184
3.8961254006921466
4.167752018754884
3.8345359396674112
4.196263437222325
3.7686252526156614
4.32967908418628
4.08773505753998
3.9797391479975444
3.9592553036699325
4.078869011200575
4.101079301545185
4.5380132351156
3.5651227605458558
4.267991451213123
3.8802101521818417
3.9183379194213397
3.8661948620203384
3.98166839869242
3.767517780329224
3.8829899799443566
3.8637338351035675
4.0468585754450785
3.9081315516161585
4.111001141830567
3.806388070779786
4.287695813708192
3.569595966356558
3.674423988109564
3.6735769710806836
3.878426832508198
3.359077865944241
4.2017557036207585
3.908727308616496
3.7822841592265988
4.125714651134726
4.1895345427123045
3.862763730193679
4.2091173691332795
4.13155277180711
4.101276932572956
3.792299546156552
3.8822287098577553
4.280592862111402
4.172825931609469
4.28463700555289
3.765499738297768
4.4046120692977615
4.177144337045422
3.822136861165656
4.289263651385808
4.191483743330301
3.997933068603532
3.741065867076189
4.282215104229116
3.9386360503357687
4.098801612878435
4.269945985183288
4.30294450492472
4.18628113808239
3.987058009700512
3.9542649713414644
3.8784531565275824
4.098679815231514
3.883268935790148
4.095284996001978
3.8341279563522876
3.99375376910512
4.069987505138359
4.40820410866664
4.105115589792219
4.1625301523277916
4.106110097130034
3.8799542165402445
4.272103060214224
4.16353534112886
3.8282127797227226
3.932123681018263
4.273276000213664
4.219903385311993
4.177257755601181
3.9820291026596966
3.6419424299950376
4.09657679801316
3.8068735004487353
3.8789909968618965
3.8896203536053866
3.8836233429064655
4.848778713861446
4.554828174800641
3.9383762271734173
4.719725028819822
4.09388925620173
4.8862182991318415
4.162417532102645
4.966840133558331
4.1085351736831885
4.497312855568798
4.1004823192328
4.736895083695015
4.157710265802417
5.071945547592601
4.584952872415663
4.97553281737058
3.75866371987431
3.7831784752277478
3.792022721800149
4.345879888571639
4.250539552864492
4.010129587337615
3.7819837639437015
3.8033442806259545
3.943843610825456
4.321073008849558
3.485805364828747
3.7244849502874375
4.43431449932155
3.8693438656873353
4.338338329652976
3.8926144452975757
3.859658941237657
3.9074481823527916
3.9392799390199467
3.8899456574591658
4.111330724693988
3.9538232977060908
3.675602362309638
4.079746810912915
4.100557983427595
3.91031688230435
3.6033471491668614
3.7017260223010484
3.9568348882045763
3.8576488980143715
3.731607837869103
3.444970472296839
3.993446753876888
4.365863747941223
3.953858471636008
4.336819051646094
3.942720161493818
3.906734526645394
4.001932933606932
3.9892927382904286
3.6675545204901687
4.148947204646821
4.521935343107496
3.7325236245417157
3.9778631913401914
3.6497882210384742
4.136744216831585
3.9434664647611837
4.400473931042373
3.7675461689235834
4.231886204579959
4.229943984966779
4.432083855026537
3.8955069223158008
3.928767516164423
4.004609305310412
4.54596080018002
4.175291252660443
3.8402678970885007
4.24078318783913
3.980733251064846
4.259941638799549
4.323286735507803
3.939198471590993
3.9523973265984482
4.342671524668546
3.926800511662107
4.640376612965908
3.777686903420601
3.834848418029156
4.275363325719624
3.8954196681686755
3.8627823814632802
4.282549787317871
4.1042057848780535
4.928329764401195
4.019619764068418
4.1703939562650785
3.923549635355106
3.9888750275481684
4.098776412771378
4.112129548529297
3.8702648518994778
3.6844015334479185
4.249744749705971
3.872854196721629
3.734297279937861
3.992537946577846
4.212126924020602
4.214012856953227
3.8024223331473315
4.257049141246762
3.87552210549365
4.173966760615702
3.9128146636642334
3.906345369760004
4.189933893317998
4.453802378107779
3.8419793877805843
3.8011142966560643
3.9454618804268597
3.9707672117868253
4.074087277134694
3.962604897581523
3.9508631154333553
3.848985070749157
3.8366433974244614
4.197738678174067
4.0556639882385745
4.0088314556969005
3.869085618995663
4.049984913806196
3.8444940597761157
3.918433880346703
3.93308253377043
3.854775199147324
3.9498565708332714
4.361840871321332
4.246938222974874
4.485028973287167
4.106093237059134
4.045728873456681
4.153910699227788
4.302023564334074
4.496352334168906
3.8803795399228
4.308970414609133
4.307736047781408
4.364929970154791
4.17076792178976
4.072904999490887
4.05201162116933
4.076765494256857
4.098301868620737
4.223610616890007
4.322301020171098
3.678695387467788
4.309536789438187
4.157196054405225
4.247470365930191
3.9470269512867797
3.7836043182276082
4.074875843626639
3.6732598620139933
3.7563482285061753
4.154868571119924
3.622217231611814
3.8052474362145396
4.150281700370413
4.167087716154653
3.774001469973572
3.540490375619475
3.8267771074539874
4.228392386356669
4.147682378778798
4.420504954280927
4.003639308131091
4.0028820750940675
3.8795139356989963
3.9335311899521876
4.008867615164744
3.9447420533171336
3.993889349295578
3.835903868413154
4.294195321474197
3.8609591394694274
3.808268894250085
4.0401999898995005
3.520475968350921
4.131522899998553
4.053272155945593
3.8008181261016434
3.85646246697904
4.120372564087245
4.084879715610674
3.8741557972383083
3.850089081436122
4.224966807604518
4.319962329928483
3.948527002001903
3.9608313388897196
3.654890609124069
3.887155865232306
3.4679535086152637
3.7908619377559423
3.7565422531176953
3.994451706579561
4.38164572422579
3.7585648296054632
3.524725952557189
4.065276138963334
4.018864550198632
4.11689512003837
3.9108788918133572
4.125769971820991
4.872926265316217
4.084370848619942
4.198126376198302
4.048234716648871
3.9763131028463445
3.97755861429813
3.7312145009920363
4.284435075813079
4.087814429576155
4.053354302686259
4.225797011727643
3.557971813747291
4.67802334801453
4.249433231842703
3.620446835548443
4.142313316294618
3.7157247614040236
3.8230464710413785
3.9418809078940105
4.408524764336798
4.244045339136358
3.8544334657331225
4.654648364589297
3.67493711263866
3.6448030120652093
4.068294459084655
4.351496479639348
4.565157349560946
4.735442657341002
4.025461041084862
4.239888660523774
3.985107652701853
4.183820330019747
3.9084828735166086
4.402653479251945
4.294430445794089
4.1539538371110085
3.8891854392786342
4.015116915185674
4.245121824383555
3.8625772274034404
4.230471877409386
4.095020864131302
3.7669820258452638
5.027829033701538
4.098310266677049
3.8082580170971747
4.235255751212606
3.6976094954611844
3.7454656456527315
3.9681712980185933
3.9576570274631715
3.8442797597709575
3.647222412181723
3.6521342159324357
3.812261376264479
4.05164223188764
3.6559027749216035
3.951928738820982
4.019308759279579
4.292941759805616
3.8613393055381255
3.630281265116718
3.8030766890414345
3.5447165999078374
3.996774602895463
4.089109882560765
3.971453194438377
3.7796501744781015
3.508048779418278
3.9376240966844223
4.142090264431042
3.767035239672908
3.5562604854117748
3.805841205081559
3.893004659926578
4.06137138296803
3.862741348907906
3.7599992480001507
3.914679559011348
3.926869901818435
