3.6575374531835205
3.8851170877162313
3.550228634724076
3.3858478332266793
4.069792878065953
3.7213144799137403
3.9861282736078447
4.0467193751865285
3.929910054183635
3.606492046332603
3.7864122702476024
3.745139511128214
3.758112826063264
3.6726224360504616
3.508581112255299
4.027986449853582
3.8338449918962105
3.82225373458079
3.9995360538177573
3.6713179205288164
3.968848508060235
3.710671520225015
3.681085478485896
3.570080228627938
3.99819681323723
4.110561780202096
4.053715787905536
4.281353421443587
3.8485999274538916
4.100074621358109
4.1004823192328
4.133392854190434
3.6480972436801276
3.9114219387745126
4.261048899797174
3.7851008965957744
4.271049332755318
4.291813258913292
3.6787359863151026
4.288702592413499
3.8188490752656965
4.160019302489563
4.130963950110348
3.7018185183471384
3.6464244529223815
3.717261382022023
3.790315932308748
4.367317615357235
3.6897203468706095
3.8799353990756056
3.5760966547403843
3.8703809422442403
3.8508044330460636
3.5692710745379803
4.338870093144694
3.7502660344968226
3.589323914947381
3.7483507256807007
4.342973286371316
3.728904885890849
3.8652944871237382
4.134482305966162
4.3017876078404385
3.7261607223535176
3.6160578279967854
3.8537798836543855
4.1312242056688655
3.9510816579923964
3.8156761330411797
4.166037421431138
3.6297212464825734
4.22331629577151
3.9797827038643687
3.6231260512726684
3.5541023226058677
4.035190899837483
3.527072485748423
3.697640258428078
3.302021910566388
4.130042653015499
4.50815468831182
3.9338058489792265
3.876164302852469
3.8763671462378886
3.4890983123231467
3.7036762690646734
4.146014332771548
3.5926863683599297
3.8087366706118826
3.4281149995457745
3.7324295877158273
3.9190903791230056
4.009148877739
3.939276059542158
3.503059484577343
5.707624101584294
3.760720403600514
3.7211725414678165
4.439851664555887
3.510188321603454
5.0268117572100195
3.8339037862675314
4.064553234469851
3.741818280466118
3.6856610279124324
4.043937379629677
3.6136861134173452
4.051424734150573
4.089310542242578
3.960976459916899
4.074547928907288
4.005924762724069
3.9892728453189377
3.9011069390939683
3.3200889451828415
3.9599451547596067
3.3121329225184466
3.9574886568481373
3.6737153017589748
4.116204571250987
3.74715684474405
3.8605231587958646
3.7080916121113687
4.032705239492283
4.235103288875337
4.014137793308031
4.015129006094966
3.654059248743689
3.941826524156498
3.6548304980985744
3.8162112654556553
3.68110919182168
4.028546278932516
4.0017968067662375
3.81612024594895
4.119265081916735
3.7656557136294144
3.3906178214263307
3.5357115707929005
4.011629714542458
3.775216083930604
3.9008786729210754
3.7883092775694203
4.05083801711479
3.7934432230611
3.896633990143464
3.734185723461142
4.882454898322877
3.829656862745098
3.6768321884597106
3.9381397015677737
3.9296359388784428
3.4066008000401977
3.5486160397444997
3.7373537293184187
3.565278466074593
3.9801945519096975
3.447717094126124
3.9162778129154923
3.833371028148443
3.708579799365833
4.043340567543499
3.9884693351520757
4.126765997924236
4.073523016932617
3.44123320032967
3.5897587771845703
4.024403985769707
3.604379681751296
3.665014050747617
3.4557354841830983
3.7635121848411375
4.119188725780457
3.6420385946829876
4.1175689461185225
3.526528309206002
3.5658060593742364
4.158475336602589
3.8916941517566137
3.6400864520532363
5.070936056764058
3.518410522862192
3.8364262921803083
3.6291679860204447
4.142544972503858
3.6554784655763592
5.404989075165831
5.721355675227245
4.0097718139105
4.148551325877004
3.488581002234436
4.075643951744375
4.054110208958975
3.6266212130141304
3.7982304044545643
4.002237250623098
3.863278571359584
4.274134434350364
3.5316003181971882
3.6057670638419084
3.989312631460318
3.738282819786731
4.342388661154728
3.9765581894730566
4.27780035505743
3.890013751198611
3.8715234928884956
3.4881429301447056
3.685015896237322
3.9869745541316517
4.163791048473814
3.645128513562156
4.059063431999018
4.110937766568621
3.93966404514855
3.6608246007413165
3.7518630344880632
3.8506783932659334
3.698717284845616
4.248309438362871
3.7722005792213995
4.260663108302861
4.029479673289789
3.8345285878485704
4.237629300664037
3.296076679927882
3.9357837522975134
3.8538021612122524
3.8388452753411775
3.9491468361903768
3.7555688043677264
3.9210458213414685
3.8461279587541237
3.8313478969252475
3.6720357950049296
5.060523865430549
5.1746040781054745
3.396214239986687
3.7971343027417213
3.9698450569474275
3.695119393926517
3.62754869303955
4.887245145438307
3.6474951283143193
3.3295154889060545
3.6424597895204607
4.211612468478713
4.049361719358986
4.017254106386932
3.9337555564297233
4.757334322858872
4.199457430100031
3.877050959957818
5.210796248747781
3.91014869317943
3.842259863561352
3.6408948955563787
3.6976676037172655
3.705148025295046
4.081303650011887
4.19505319327449
3.8830502913258482
4.0219558570234915
3.9740060265801396
3.321519794597216
4.071972106991067
4.0595000928610645
3.574700060323064
3.4485790991966536
4.019478392289033
3.954081254392737
3.859528597177141
4.134366925064599
3.7499953125058596
3.7222875690484347
3.6252177396404868
3.9980329677798525
4.184026016273769
3.8584749956351
3.8647977792871964
3.623966376839956
4.2933979346609235
3.921803166659967
3.8967668525424455
4.13006823905248
3.7352004355243706
3.632592345038151
4.157023238799161
3.9759455295462454
4.152698890917944
3.3844068530854368
4.176202328650419
3.9276333554262712
3.6376301930581287
3.6853825749583784
5.107950141298671
3.7699181268030815
3.8687937294591235
3.7032545126470766
4.106363014809598
3.465417730116733
3.495760952874521
4.050924167712312
3.518308397322567
4.076350036177606
3.764514556436661
3.664668200941087
3.9901722058569744
3.841396424428208
3.9107297715058364
3.848922109363273
3.937790781238002
3.8478409764281256
4.017068524159153
3.9767756303189374
3.646587341236704
3.8688274067733497
4.162092700209666
4.025461041084862
3.849436971724923
3.7916920236070744
4.333323583355271
3.521117461837689
4.089440145420491
3.400429474242597
4.1196893342273055
4.200551112305934
3.4969130999610094
3.75389466571568
3.658423932677683
4.191488135468896
3.9075474278569056
4.236341241523346
4.013892080490578
3.6910481930934953
4.633045428168685
3.657600997793552
3.758631933148972
4.1068309946642
4.108104777212343
4.090151018600984
4.120678181215065
3.714586065101835
5.783439122073942
4.347112593476505
3.6667678083453805
3.7330391698467498
3.888935880197441
3.7152899040712146
3.820464893270538
4.067260283305015
3.681444598860593
3.7822662772193154
3.781894369799304
3.857094643459814
3.8192611066500017
3.642028646376318
3.991749054703927
3.8802741413680875
3.8373022230451106
3.7303619756743096
3.5768161507556466
4.12119188990648
3.988815361725721
3.6510108279853632
3.7844956781059356
3.865701658675939
4.168520789976375
3.758900371285384
5.520492759183685
4.218363591303843
3.7153106092552104
4.304731976625305
5.052099778970635
4.764434449719732
4.162746746813418
4.586251335745701
4.069842568314852
4.836244752674443
4.0842832695504425
4.857823646428164
3.968840632196624
3.6618534654408
3.9324097413654115
4.021531278464901
3.8265062085063235
4.768427289232534
4.214416888011353
3.5416282990267605
3.9735717741302596
4.32604538886822
3.795736249470969
4.7491893727389405
4.138045187453447
3.5796393692317467
3.7111776030431654
4.4019121906556204
4.9283661973219255
4.257049141246762
3.69524911059973
4.241160890558963
3.686360741732645
3.740264792045953
4.5956674345261
3.7425815017295405
3.6290264047961216
3.986219638708983
3.544524993774928
4.419533010044494
3.2406507226651113
3.992119555996463
3.9950062421972534
3.7488144374341617
3.8089760424929366
4.179951073672683
4.155257023423184
3.475281193689584
3.804017041996348
3.6968576709796674
4.156129147557131
4.023768399938437
3.660573337298955
4.1408939154740025
3.597254934759285
3.731872429672864
3.934018639380313
3.9223569442878228
3.8975072517994303
3.5570764033333364
3.710141486245578
4.010857390957321
3.968104377017533
3.3405935566631477
4.081857571743749
3.9734809878868433
3.726351640898945
4.095226297086144
3.651987502898765
3.61374487864593
4.236933561704053
3.668334841936037
3.791099068053071
4.07307918676901
3.7278136838720797
3.597494345188576
3.678374011551934
3.965291800867011
3.9550899535771316
3.7250850017833845
3.8830465218096166
4.079746810912915
3.828014944570344
3.967222805183573
4.318768287284466
3.7751804536256834
4.011167089176267
3.7473990708324005
3.8021620994778687
4.492958410930469
3.770500920473537
4.053420022476214
4.122385377074591
4.537658023940684
4.129675954652028
3.9597099512460714
3.97404156052664
3.983905023704235
4.379371844799441
3.6306305406825765
4.040710154809708
3.5766466434065416
4.269863940785527
4.016669177084903
4.224105704021137
3.6093167292732735
3.61818390686071
3.938690346073027
3.740278781678992
4.295827891951337
3.706181354572223
4.214079450146913
3.950445610264838
3.9285861607695316
4.003282691807282
3.540283559011659
3.4901973444833505
4.375481986687596
3.9209305152298746
3.687628375562824
4.51973826195725
3.7483963891697583
4.073668216018478
3.8342345382095853
4.264460519091457
4.161386907028374
3.587357077451936
3.710719712641865
3.995644747225524
4.014472172180712
3.816855807775508
3.7821268033653364
3.675659780930677
3.8916600751674144
3.694829271176452
3.460348301358273
4.102189646278442
3.366830491026976
3.665880640759277
3.8229405102669842
3.992354640862748
3.965028449079122
4.021236148098106
3.942980558148613
3.8601655045960097
3.859174850529334
4.06141674400281
3.6655413454736068
3.532040018013404
3.691228717759424
3.943711407086652
4.0749298093340345
3.73522485119798
3.72153606401042
3.7452096427912673
4.087818607137127
3.8672265121580764
4.067615980442903
3.9362485189864946
3.664308989191204
4.271455252768704
4.152867035579688
3.822991663010931
3.345144480971564
4.119579020219924
3.675484153150074
3.5948238131913857
3.772150776638693
3.986195803930987
4.206262493914064
3.680469038974327
3.8105835146535987
3.5421457787805988
3.9224069457982194
4.382173755380488
3.864476667739059
4.057070815156811
3.5787810492807095
3.8508822852675837
4.305144324582051
3.5880038678681694
3.8896619592032806
4.128601818029811
4.056786903069162
4.7310795258985205
3.895768708211793
4.219066594801899
4.151500715614936
3.475118154017237
4.087839495070066
3.6337803488792515
3.7549518427426167
4.086770307161657
4.141472707694856
4.146680530401907
3.800774787940522
3.608193485767481
3.7346703453169567
3.8244976283334084
3.4688677789013056
4.587208568905607
4.051605296663604
3.667524256088549
3.912213833783727
3.92081521589969
4.303254659080029
4.175256386837504
3.785982211562579
3.641034090091927
3.6238153521125485
3.712421018242837
3.335003614310167
4.566679225034536
4.01543130249549
4.137227705772777
3.812174178238204
3.881422541361409
4.4462476448782
4.161910816494069
4.085063272523763
4.39660450234284
3.998224788194042
3.740670533896554
3.6811058041835762
3.812919123219247
4.292531745955094
4.457773186271396
3.7726239542757978
3.6838789772078413
4.056832161754012
4.126127464329628
3.5079349488543086
3.764907858586296
4.7594910200303175
3.6618869886746985
5.005230465836799
4.117556230377271
4.161261361543912
5.138620717120214
4.172303622706928
3.543024272373534
3.6332489511264434
5.693172178606198
3.825335194996461
4.189600364495232
5.212310434784875
3.9199891024302955
4.151147429038729
5.545096886705354
3.733802298902075
4.177358092534748
4.94278112994448
3.7934756013133013
3.910936248805942
4.7257471701635225
3.823013586034531
3.7167985355813773
4.003815636301395
4.2797364110344445
3.677298656407003
3.6773054176821396
4.182236785700096
3.6914160733484374
3.3954243261780426
4.047579294608118
3.944870435661629
3.891152783195668
3.654035882632367
4.23331043817938
3.466228535379795
3.855860232778282
4.064920850909882
4.149945843206746
4.357284235454568
4.113986216089183
4.1696418798830415
4.058976934863567
3.722859193088884
3.836923094631953
3.780271707028943
3.669627138360539
3.9794501195824763
3.827883065828105
3.7285294959307764
3.6013260082362324
3.5851706586048127
4.044685687475226
3.3728831995844604
3.7192660772249813
3.994667119395607
3.722221756944503
3.683346393865755
4.262279360444982
3.9887318325729813
3.4604740330354153
3.908314842118737
3.807630873032645
3.7436708564583
4.242082947568916
4.196043340931668
4.097781256338755
4.046788974118761
3.730459387421264
4.045376993738768
3.953729503619145
4.492045149545798
4.187078675208308
4.047272138578598
4.137655666364273
3.86532810354441
4.308715130376334
3.531500543409646
4.337816104792961
3.817460491669824
3.5580794198907313
3.7996627799282816
3.8367501191790505
3.8115856958812
3.669142420514909
3.806656128573618
4.1170052903517975
4.247240355578962
4.179103853865096
4.06959412920351
4.045098806594725
4.0910546022830125
3.8793596728923925
3.985218823384068
4.279562414743093
4.053387162314849
4.163223334034143
3.67041171008152
4.058976934863567
4.220054755210449
3.631424898501674
3.7209821532393477
3.957915484651698
4.303629681273186
3.9909963123194077
3.897359149440339
3.60408090080398
3.7873515713248254
4.162023409300666
3.5806807948395227
4.105709707847962
4.408398439867792
4.549373210105978
4.0856098691991996
4.046219970725598
3.759193577793692
3.627282240644786
3.7407439965734786
3.8059969190454943
4.191852715063003
3.4929159298797128
3.9759890024144195
3.9049038759099646
3.711459967728856
3.609460033802593
3.9925499018830863
3.640888267510624
4.028213608111211
4.326681781208356
3.936519683582548
3.6946245060748866
3.9862673091200813
4.218826301428811
4.225649693640397
4.025051923169809
4.160014976053914
4.015773960115333
3.8201292158707267
4.101638604622547
3.6859599022852025
3.545964116616122
4.0089359181615825
4.196567208023836
3.963394092164766
3.7404991322042016
4.541119840152581
3.5740325093997054
4.456218764691596
3.4864342842001768
4.131958217638504
4.022040783493544
4.402294916339888
4.064999339437607
4.30137127716316
3.9734415169010338
3.8083776691966986
3.924885540525424
4.4350224855640015
3.774133223128643
3.8773215462758324
3.7880043372649665
3.8397702281495474
4.310577078506385
3.7109985647713053
3.7792180797792936
4.15172909137333
3.7518771110171056
3.566349707336427
3.7467005618177494
3.7371791398134775
3.602253569833288
3.620115898010475
3.7229180976633107
4.031217750257998
4.082490809292565
3.596831191720095
3.878520848504006
3.587990994142605
3.891455628163632
3.8250608423740244
4.21420376307325
4.1213107828945
3.7647554885429075
3.80544292501565
4.825695865343783
3.793464808501155
5.102756764341936
3.758709634982311
3.7804146169731165
3.770827932407909
3.6523242935263465
3.6285391864089434
4.088976120379457
4.198038256722634
4.17228621466204
3.76283951395402
3.8010384437028195
3.8064641373981294
3.815668853362892
3.8004858921213076
4.23676302831111
3.713420487312171
3.874080753276262
3.857578212398256
3.9268082215583733
4.035337450050088
4.141597061951044
3.9448937788038885
3.850189140541529
3.8888337970767637
3.7610386484331513
3.977384591214355
4.192889697650724
4.034442031623974
3.5397760206722917
4.250277596255505
4.007052412245552
4.109712895457124
4.2474568352199125
3.8972490293414137
4.0907491798047895
3.8986544768736695
3.637051369713546
4.384777368410091
4.371059216924741
3.6963110815406224
3.959412066902186
3.854036091120975
4.4403839600010215
3.8190459641277013
4.23909334271586
3.829403886270534
4.077251687727371
3.472915599468644
3.682820746065827
3.882379432706717
4.442450277875265
3.997565482621084
4.274869856930793
3.7021851222137587
3.394124939436083
4.177366817713288
3.6453278288883113
3.6138297651281692
3.7518067294281403
3.933036126903344
4.284953706431394
4.055314489638671
4.289880065678064
4.180125800885977
3.686768464488585
3.758593083437008
3.915350130185392
3.662239019691859
4.217900982665481
4.198113158041118
3.930330953517941
4.214847643794796
4.351146200687916
4.0609425650740665
3.8724080278890822
4.427830241416374
4.178003854208556
4.242798380099578
4.125948710331581
3.757784485423084
3.6298727638849435
3.7725954891075735
3.8318690803610007
3.8663256567437414
4.427781227757318
3.6272888192449435
3.792130570639808
3.6094242066034417
3.700034502821739
4.053843144647204
3.9471710624995064
3.8883045631198194
4.0210501977854065
3.6641780790546417
4.2490134321937125
3.894312259587067
3.681075315721229
3.8899570062501883
4.405679361264606
3.6131997412948986
3.954761483391485
3.5881132982655064
3.9430621820906113
3.6688630927048322
3.6388479771189237
4.173243872895512
3.6300473539677327
3.9808322925115567
3.4922023486806895
3.6222762746337427
4.309936126746602
3.5632553544592804
3.845695320942503
3.9111618693007038
4.293420976366864
3.5069507764389014
3.926438180684869
3.7486984987399685
4.1819613189487805
3.9535497440570735
3.5105364362964897
4.315618438911343
3.989511574071765
3.774760066813253
3.4545953891515344
3.872569236697241
4.224012029986262
4.001292417450837
4.004950118346276
3.694054696020857
4.150225720401369
4.222478151314616
3.861663623997536
3.969297483961557
4.41776116699579
4.230713499254866
3.830834192876755
3.7195323803891376
4.162023409300666
3.823766429051448
3.729617639599588
4.005928774586388
4.276519768212628
3.9092582964234195
4.039685874026436
3.672952925598829
3.9672267399016725
4.556374310705999
4.063640676636809
3.6594882754570017
4.093449355332894
3.867099395088977
4.297711039100575
4.491712229472594
3.5286624428577222
4.101344215566652
4.193940385234394
3.6750552866129675
4.224636602040288
4.102782917653044
4.327407309640057
4.0110062010155865
3.801222663269641
4.082199162332731
4.328025370884724
3.7689625930462642
4.258200229091172
4.319299927867691
3.6493986247241286
4.224614292715075
4.359364186733365
3.571750666801203
3.8223961837196505
3.6795379972090703
3.598303399946925
4.162920038631897
3.6815530263286265
3.970294258358958
4.283164273270164
4.243757167971092
4.0029501742784435
3.8547231923275587
3.6917635831518987
4.171363796107909
3.7080125516224878
3.725681776479585
3.6868126398684544
3.9638300507865725
3.8706431073522864
3.6825189902901183
3.7241832633342056
3.7493063783200107
3.7055839444458853
3.6049578985979416
4.095423364390293
3.5969282232973043
3.65476704971671
3.690264988703176
4.093797078666404
3.788596325061565
3.645307896374833
3.6364429769376785
3.995273591341443
3.879152754246945
3.7726310706349713
4.002373407430606
4.214550102044795
3.5913573984207003
4.162036401170365
3.687900367683667
3.7583741273525075
3.720359200680826
4.04498017959712
4.127217347519955
4.459313778499196
3.808442937147362
3.553571872767913
3.65717963792093
4.193338043849736
4.062600612843302
3.9435636604552253
3.94639999526432
3.719138126930465
4.066272102730299
4.270921643536067
4.186811334954327
3.6546034298453187
3.913603293688532
3.895063104891128
3.7735849056603774
3.8101370601553968
4.214794349646695
3.8096907102596878
4.179060192048711
4.363258743425114
4.211302081962467
4.643937687644107
4.049562596620032
3.750800561494844
4.145030471155251
4.272860605400255
3.8219871275473545
3.921261077562544
3.6412727340587354
3.9844685416247465
3.7019384275091043
4.635961150645557
3.8331285803816644
4.2175096238297725
3.748238327985847
4.323067129667156
4.349187571761595
3.827275075827887
4.556177094047468
3.637868391016284
4.077571724486634
4.127541017438861
3.756080154750502
3.962106414254074
3.9569914598231817
3.9576139545468036
4.146040117084173
4.348870761345932
4.312673113394192
3.8535905348109285
4.085142540836106
4.203062561535463
4.061713677617724
4.056922682153292
4.466783324157816
4.196686086831534
4.02292665902981
3.61722522652873
3.7675852039393867
3.77239980270349
3.838860012130797
3.940878934228701
3.9554458578570975
3.514367172296244
3.691780619628459
3.8450557869531488
3.820235020858483
4.296256993500837
3.9979970035012458
3.7904093168261004
3.7022330944467425
4.230592684882189
3.638520286569858
3.8106851611919823
4.099078834508915
4.037259871352714
3.5190141130061003
3.9359347894324084
3.993048103252238
3.912106698798103
3.8430535366180556
3.5930058548030406
3.5842775664547464
3.963358748371307
3.7641992654165133
4.6317739694302915
3.8179596823457542
3.9542336991658544
4.4540305078819635
3.6818647908792848
3.682552892967521
3.957245915132904
3.8884784383870588
3.3726983441737484
4.148908474041836
3.73797540038389
3.6309469237256056
3.614130164704947
3.7842665334604844
3.8981529576748297
3.57943756297573
4.222103768755376
4.604454349137355
4.254174142491435
3.317462042013998
3.862961442816099
3.557677512543037
3.2163415883420488
3.345804820802876
3.8319755366681743
3.2583585041527776
3.4890587478989326
3.6238974292071635
4.29011471766755
3.5387050285883133
4.395343573018744
4.465850755733594
4.077039742983414
4.305677250738962
3.616541700082005
3.7366415066138554
3.7917639096119324
3.660784396272589
3.6046395315410464
4.123422275551817
3.58721552259901
4.142107421413867
3.786702615096826
3.9556883787808963
4.188815026117262
4.348171104881148
4.419586724445397
4.130878627556885
4.535111399342636
5.517659960410789
5.051110928709884
5.82001035961844
5.000625078134767
5.482253260912768
5.364562238309948
5.2712312014717275
5.50166218968906
5.166303303334332
5.027500427337536
4.367279468764125
4.334826319764965
4.071201238459417
3.9606195597177267
4.110734978860545
3.9642739630450383
4.065408355023981
3.9329897211313636
3.599129010779391
4.309128241811041
3.7743540193095946
4.036538748753719
3.6255594691455824
4.531463651430753
4.073776084897494
4.179033995396794
3.6454640402313414
3.6363239673749015
4.1129540572749415
3.4192184008657462
4.251759431199623
3.729228198931949
3.9766965581691287
4.06359939411733
4.050181751906116
3.6549139861679785
4.135324354165719
3.421180700777549
4.382658696071385
3.9529910306633513
4.379012269992381
3.7974443199726586
3.792802966730481
3.6874991933595513
4.022728415547845
3.8780583337534567
3.7847463368386394
4.202625380074933
3.895427255330649
3.6221253907367763
3.689410653542203
3.923014758381521
3.9033110812074114
4.326213827444636
3.787093396350567
4.345327523630434
3.4529581924454456
3.83630487114811
3.8499630884788894
4.952064020283654
4.265474608696024
4.216047118542597
3.507688853967897
3.551773311620159
3.7727840788511875
4.26123501243748
4.031916652218966
3.6137089663346873
4.229076380291236
4.376870428222061
3.6398115305589474
4.226788327724033
3.8616561677889605
4.22754775807858
4.17302183116371
3.9899254382683726
4.168594641688448
3.863069633761684
4.0904061568793475
4.054262245899114
3.6968474209406077
4.624443188137378
3.1652380892090703
3.5926831415139926
3.7015615962984385
3.8895863133236808
3.534886680370244
4.648422383548303
3.8466050825192957
3.9908051848540964
4.232257846077014
3.575792954436352
3.7977183308268394
3.828964006781095
4.116844274190062
4.590177479212233
3.6499780545069473
4.449318920506244
3.8292462511679197
3.664876374557695
4.171999002892238
3.918502975123384
4.110692733939524
4.04111837951153
3.684978553424819
4.110046494900973
4.199404524438434
3.7433240155759715
3.7283939570190747
4.593466712295102
4.750548688373507
4.141554180329481
3.601394099655977
3.894111324854555
5.230542708035029
4.791371697846518
3.6845338926455784
4.274326259323374
4.398973719431257
3.703209942378053
5.047930096264027
3.980428234371595
4.665941890359698
4.4030411805434015
3.7854089519243597
5.619248172690735
5.042419352805476
4.445170488957641
4.893834380409981
4.244076860231939
4.835911478640384
4.331859418166302
4.169893990870017
3.898289722841347
4.761043239794704
5.082772957614757
3.838955804021306
3.9044655372349353
3.7151415236724175
5.570859945795532
4.010366798173278
3.665665634476318
5.376951161152603
4.741375733876063
4.107881175429119
3.9621731330983105
3.7784291369784464
3.948515308887417
3.714841348413113
4.536592723985759
4.201707153616514
3.656213552121152
4.314938749444452
4.024663135695542
3.8211619771456307
4.01778674190642
3.638967151953261
3.8417727476166603
3.8479261121227952
3.694948727967714
3.579930907333489
5.189696376813474
3.697657349186423
3.951807705037073
3.8187870959365244
3.793846191784616
3.9255364981662835
3.922768533119935
4.054545804710774
4.1221177379878915
3.8131662912286686
3.9786861781436844
3.3688664522383167
4.065119143560699
3.628506270965963
5.045383222082633
4.273230348481935
3.7764172185743083
3.84414675799078
4.792571514153063
4.055236374659233
3.7393312206111937
4.111051843447035
3.969927796938193
4.333952727410625
3.7022056815899496
4.639499305234978
3.965767494983304
3.738282819786731
4.176215409190807
3.9427046165128354
4.897357508322447
3.848166733368224
4.070178009235233
5.367628903608121
5.08377424483711
4.708325142809387
4.343859953955084
4.998900241946772
3.957343791273859
3.7474798198211703
4.212734675651026
3.2097061514018392
4.22374887278702
3.6473554393467587
4.4492545830102985
4.347741022458256
3.7956678145398746
4.19327210457182
3.735364375456415
3.791109847407829
4.4623633122337925
3.7000310802610747
4.244482173174873
3.804838422780329
4.239713395374473
4.187674835424379
3.9511753264905565
3.775465514897987
4.165425716921834
3.8698604625063737
3.920300295002597
3.3877662678418825
3.832948601117496
3.767556814756767
3.764688166173335
3.3935288797791494
4.170972326641356
4.5526871097493515
4.127894557061434
5.840251598038843
4.654437133099448
3.5657615575246484
5.564721889111787
4.232539978985439
4.559620457193144
5.049892942269624
3.5716645564081917
5.7438748754297135
3.960184306977647
3.975028868647158
5.075697686370102
4.324427175565257
4.174742183578025
4.931483205217509
4.10915560961378
4.204547007361111
4.760839240741358
3.9736704595351204
3.604171828891942
4.182346107960991
3.765155929226364
3.860210207746863
3.946166397998504
4.501392055493161
3.903916799725164
3.6301857203014505
3.9863825173208323
3.7678726685110404
3.882021485047909
4.056194518864347
3.8943350082219146
3.650251182909524
4.469987942207526
3.675423362828606
4.2018528069952445
4.211302081962467
4.366078192094342
3.867764982996338
4.246717287536734
4.108214477553229
4.039102551804015
3.57592082196116
4.226761529284589
3.687193271609718
5.3956422095694405
4.256505536649577
4.026214683806263
4.335145785533835
4.04856250727476
3.8928493224009144
3.9713625049766135
4.12849528732263
3.917980986038275
3.653845626849188
4.036453208929845
3.70401237140132
3.4830917664064507
4.182910301671491
4.359188406302515
4.688040223385117
4.6842905290671935
4.134768649357147
4.327276228432584
4.4291393075040695
5.226824586460173
4.424186585645063
4.026105266548299
4.042135217507296
4.40285701391633
4.520014057243718
4.723810603537662
4.436448977509422
3.855637230804228
3.8450742676094793
3.7751198836508055
3.5552711338648466
3.772019161857342
3.561060163221193
4.045176531503835
4.3408194381894445
4.328142447824243
5.370857725978839
4.998712831445903
5.181306881034604
5.052163589057014
5.475941451234004
5.10173497252078
5.246025479945756
3.7192626189931586
4.542811455153366
3.814464449191333
3.9942482824732384
4.009856226604995
3.714820648459092
3.8180544340020655
3.724273417532948
4.582636390715579
3.5830639317139674
3.8529149709827344
3.782824275518223
3.88293343972571
4.099225861196113
4.014790488158376
4.360195772790198
3.6245279052403423
3.8251376571414366
3.797465950970917
3.7452938042540915
3.798760654336523
3.524592402917305
3.8414812751797087
4.357436128156554
3.9893922061239167
4.282260948135397
3.9363608540722144
3.610020333439528
4.050038222235722
3.957320300558477
3.5870836292677324
3.8895447093440483
4.129027995842069
3.8193194545629887
3.634229352580212
3.575607562767556
3.942471456506655
5.15161193937583
4.3739222382234875
5.268093266323187
5.155562658775219
3.5726407173862564
3.48441768411663
4.446470058582243
3.976044332894312
4.525209375781306
5.02785431289343
3.7633528463178414
5.091202529309417
3.9013047913874797
5.247580865221133
4.114079305049724
4.0736308781220565
3.6460588382745027
4.105865639652808
4.21350681745403
3.6424796908991732
4.2808448247261595
4.01205220482329
4.103679461597254
3.7791145345689774
3.8214613268113724
4.471691954084667
4.2126459418528475
4.079180982042426
4.261521022083202
3.969699285354886
3.9918765312588884
5.1343004643974774
4.083674490306378
4.099293076908887
3.7266120159014533
4.299720625652348
4.222776813577072
3.7391529509862482
3.879641870258957
3.9491039483141273
3.8881193652645134
3.722970073835804
3.648143824422134
3.8413078885098804
4.0620271546515285
4.148370623728265
4.193346835910145
3.9472723361339233
4.074697351854191
4.083124243346038
3.942941690792541
3.639142617999199
4.123575304732215
3.314364122671245
3.6433223821134733
3.860854793251226
3.749960156673335
3.636280993613781
4.218990943935939
4.0670162945007835
3.985445154296509
3.6731957721516664
3.623221224829935
4.001432512839596
3.583359238034492
4.131757618702814
4.09393534652604
3.7171888387687924
4.04758748607377
3.7422663726492718
4.818499182059764
4.178370456413851
4.489645194564387
4.110895517479528
5.69028085803745
3.6935055245608885
5.097060779901271
4.176943688533663
5.079081295775221
3.9905822259467656
5.2297152420050725
5.194386945466729
5.138475491398834
4.106906893340548
4.351761593092884
3.3263120429959097
3.908349211002003
3.6390399848615935
4.0902848576632
4.778007785763687
3.6318766178875372
3.783171319021596
4.13166372802084
4.723180306227396
4.38363370356773
4.8267323745833925
4.230995426293944
3.621380995535743
4.5411043738782055
3.9038024988239792
3.699979742610909
3.8731617006278394
4.613503725404258
3.7987317933907767
3.6138526198624565
3.7927777925274695
4.860775245043832
3.8253169035972325
3.699822316033272
4.8083627044155195
3.8020428376166513
3.703593967586146
4.186859541329537
3.654139363394111
4.379237596630615
3.617300462924027
3.6109100034845283
3.9304545374149793
3.8879795336757352
4.930759805432218
3.5362648379462436
3.8381085800917307
3.9577979999267807
4.778949682438793
4.164077131200702
3.8995704623135765
4.009076549307633
3.7204560907121604
4.021709186187038
3.741660773550948
3.658189726522882
4.111850558903287
3.5153431546162173
4.304583735991271
3.7678229801407466
3.6948770529660626
3.625306451685994
3.840725128904337
4.050887245578963
3.4770544828359555
3.588531770168894
3.504538815833857
3.79071464447835
4.371513035305433
3.9748985158722663
4.042956411876184
3.437687192810421
5.680470683800859
4.285128141400659
4.129279482023182
4.03373411843245
3.855325071371705
3.542820297526048
3.5024981568103453
3.5350616249617772
4.3353713191342695
4.229586166715483
4.501042553981566
3.9539444549882963
3.966384888073576
3.6768017707477325
3.696130059424531
4.034893761247266
4.303023196522297
3.8255217772609074
4.228499664891402
3.74813998553218
3.9812285075867284
3.6295664482877523
4.20818744950175
3.788108370204255
3.5480777845092697
4.372029069621283
4.70084415408897
3.9481489597121007
3.9633351861925328
3.9833297649337527
3.6406032843702527
4.21953391028427
3.736578676466467
5.272370668747495
3.9989442787104204
4.049607694254619
4.117776647676854
4.207355298532895
5.498757968043968
3.5327886950761758
3.844789685198233
4.274837876773524
3.940708105839538
3.794936795327674
3.8394864302950835
3.7766026249276545
3.9799608968841884
4.019312797994363
4.054636223106359
4.414211996945365
3.623053853978249
3.8331432733126984
3.663513602626007
4.199356028752991
3.444697534027153
4.355334304572883
3.7236146989690244
5.100524971532695
3.791688429378381
3.8476300042035354
3.5664196623848823
3.6773155596414617
3.7278866424229773
4.55100884488569
4.086979088971492
4.5281754396292335
3.9972898374901815
4.741016070859226
3.940894464816679
3.672612319961658
4.031680948896428
4.187166335182665
4.086857992923606
3.445193008325309
3.6469863128603675
4.565110458553932
4.209112939970684
4.112696098490846
3.8229258954487113
4.05952069239185
3.755893231223116
3.8268942648249102
4.16930288213485
3.6985189280952446
3.9257445419882915
3.4134644103666916
3.7671594111176407
3.930207377392268
3.9794817918810614
4.063017399872015
4.08850384268255
4.286680319743485
4.028327196848237
4.124583030434267
4.076142338890474
4.13211614965285
4.068691722348408
3.616907959638924
3.8011323573292484
4.205042055676859
3.6737726614370514
3.9650245187203677
3.768834751671478
3.5045633795906497
3.8809216800898048
4.374735465214838
3.9979850155521617
5.134379548739381
4.302842673011925
3.476894298936418
3.982826054054915
4.376549572082865
3.732575869270263
3.8214430724402306
5.052323121325224
3.938318062505046
4.34066399137076
3.426394199799899
4.738533637073339
4.260917268965077
5.494256441672286
3.853237875787024
3.247130145788026
4.054632113091799
3.674579260674653
5.1235873309056075
4.960705015396789
3.923037843584558
3.8818067481328504
3.660255119781849
5.533957748232592
5.455797808133231
4.957575547254371
4.145747913652362
3.997006242324499
3.870272341388983
4.938710601436177
3.8911565684668457
4.911844667824225
3.5719388484069157
4.854145075833881
3.3600344067523253
3.6458727353433633
4.7890082682227755
4.271418762420485
4.8040834709503075
3.3696752812415234
4.177646042672565
5.58366777176758
3.458325876318163
3.848026058832471
5.576000892160143
3.7211586943942607
3.985381620217044
5.031813641749964
3.9878211940733004
3.4010568784249706
4.700308340227119
3.941803217299786
4.221992358193832
3.9092009886369303
3.9700184208854727
5.401091830713579
3.8940506693873096
4.082694986960893
4.929635613659528
4.189490662672686
4.598023539581511
4.123745350477117
3.600146165934337
5.2582248495819055
3.9965110458569666
4.202475257926919
5.243144261181989
4.194463727326302
3.983167135684597
4.217198367522512
4.676497443709585
4.371364936844705
3.9741284239600203
3.9713073047233736
4.3844649637404745
4.258327158758953
4.508764474542952
4.180055908247773
3.7749310603215105
5.039630393506941
3.531965167759516
4.438363885920733
4.175552764894458
4.9690366901246605
3.8168703762193705
3.617257937620387
3.6308480481014747
3.640649673934314
3.7068991880964055
5.915173455067603
4.1725908764214195
3.7224954120244047
4.049091181484316
4.877329077050826
3.663070752211579
3.5564596866403373
3.785057916117439
3.4600878862323103
4.782578024771363
3.5550910236617974
3.6674637287837224
3.551300308607997
3.5724684149136268
4.286069417180281
5.0162841122995525
4.654930036401553
3.9497551645517373
3.7717275077744734
3.8083631655114636
4.608130354791476
3.9656495436528787
4.443382969623923
3.6765280339858255
3.989368333391512
3.7760678483870995
3.942082917772092
3.7024112879115347
3.674559006987174
3.623690602049016
3.7569903501702857
3.9885767162845607
3.8852529396795052
3.948230797779515
4.07154519211586
3.6146102546492926
3.706617516918392
4.49320571131378
3.937697746258695
4.016209421224061
3.2717909456457366
4.060567423691787
3.5462124677737945
4.35655339990873
3.722654774025549
3.9635236914674254
3.9374264193437885
3.505973302013305
3.7810185307718194
4.037056138293395
4.522375015686989
3.7023016283648134
3.806116429101566
3.5373531224658183
3.4415707328824876
4.076308495026904
4.173923206073893
3.3017220957020657
4.117081565561436
4.305700424434419
3.436502877212034
3.500077001694037
4.518763033807126
4.032741830925282
3.4052754527313716
4.3170203925250785
4.613647399690655
3.482179078023446
4.438831788249968
3.5077719071317386
4.150850197891783
4.1269405648337205
3.8775282696045403
3.796402718603987
3.8374273886786296
3.2950449114621434
4.962311246085977
3.655394951716802
3.681281969633105
3.488632726340311
3.944815969404007
5.26518776317712
4.1656079079900525
4.222932847977584
3.8453958594700084
3.786935640082063
4.013884024841928
4.146942770116301
4.7170979470010455
3.5534803230468963
3.679463534216711
4.174280380151714
4.14093678342383
3.5005885364476903
5.346685789979509
4.131386348660088
4.052528879333926
3.5622874872870867
3.725216830902164
3.721594926721796
4.839386801298407
4.316936529161446
4.482425530102849
3.679094648388925
4.908722308670276
4.245784201649275
3.7121936280196377
5.2270909670640995
3.4862853890650913
4.089691013619694
3.5759527902712627
3.7589816167004035
3.5483264318384236
4.046662060216355
3.4084324619107673
4.270210371913972
3.647445238169056
3.6163585981185893
4.181305591764501
4.1544068389845386
3.501584466971305
3.920546210498047
3.559513734828685
4.262397449381367
3.8951617222457555
4.268510663273201
3.8080803657280384
3.8864231693003664
3.650964174001301
4.099070433302487
3.5564470382798175
4.115395695296103
3.590126076252483
3.7543350837920664
4.192674349742413
4.08551389125792
4.598409410185017
4.374127908248293
4.898377045225491
4.323581135783146
3.999712020734507
4.411106283400345
3.8648351213026815
4.004072141367772
4.256655014073566
4.105549573997912
3.5203520352035205
3.6480074127510624
3.878159851931857
3.6067261836599074
3.561193320269689
3.6644734792893123
3.784706945410333
3.523508851054234
3.438440735895086
3.987284549571417
3.7314651131333583
4.136932464577516
3.7825702943407076
4.102349518127769
3.6706373786510222
3.6123970241073313
3.8230464710413785
4.654686279963088
3.51672775515838
3.983611422607393
4.198633134982906
3.9065857222105023
3.667036731790183
3.717040306655825
3.603947764381103
3.9493495914891517
4.2339153555642115
3.780135952589535
4.069151154723369
4.082228325153569
4.76784186022118
3.914181569097537
4.594738335395222
3.988051796816737
4.000800160032006
4.1406195816110944
4.337816104792961
4.076262800739027
3.9431010518222056
4.627133976350718
4.139826789647121
4.071959671311415
3.8393316491465166
3.988298332691882
3.7171888387687924
3.9009243240185767
3.7151622272026033
4.216207100092756
4.186009518985647
4.416595357054131
4.952462550097255
3.8097850519273706
3.444656003734007
4.110650489886772
4.092825277288912
3.883005057614087
4.137951010797983
3.830482018280975
3.472195095698037
4.31830670557461
4.132239942644509
4.288868135532522
3.966766430842402
4.1593444873087995
4.129104717192456
4.029228020057497
4.243068417356696
3.615296318724523
4.16930288213485
3.7734175937482015
4.410459404477719
3.8332351066837242
3.735305076372981
4.139655415083248
4.259819149378013
3.981993425728854
4.245504806442129
3.388300030579408
3.944469754792038
3.7664145052155424
4.92621757625169
4.2715829738974245
3.6723998949693635
3.653294998091153
3.7670600733069888
3.520668081975236
3.6584674314083085
4.0814827210429
3.768788588861911
3.911647615312927
4.924089012757084
3.801822403569151
4.171542156562149
4.1916374736581785
3.8013671616997056
3.6232999929345655
4.032688976846316
3.7785147980808924
3.995373357651839
4.395995687528231
4.48511949479614
4.025627142388445
3.6023930697162125
4.058861611083939
3.8681016034248175
3.824018661211067
3.7855128423523174
3.899281557373054
4.196884233145313
3.785226261899805
3.905807545239016
3.2624883977756354
4.037435098230796
4.244707380484957
4.2929647966154265
4.1701852604801966
3.643382115183704
3.435487555805201
3.8430793826477276
3.9650952663701435
4.391193899753435
3.519822319369318
3.8171435551348214
4.3953145946421115
4.609973216055615
4.233754027358518
3.662983536720494
4.087868738534806
3.482376129704581
3.7054912601356764
3.7501781334613393
3.8162731612003324
3.634004836860438
3.3409004729044622
4.383302248414888
3.920088986019983
3.825371778319705
4.379017063934744
3.656521039622062
4.134516494136738
3.5659236767525844
4.120130649342891
3.8831859987845623
3.443914559923683
3.63807353092317
3.898411299934994
3.6038536006551807
3.8844530592981177
3.6418827441222286
4.531232653874997
3.867809862334978
5.054289385865932
3.476561888885606
3.8129118540569857
3.8986962759653174
4.186508974828614
3.648962508734704
4.0105879521937915
3.664470122200917
3.8775169932182227
4.468235315144637
3.460719535502224
4.107265341662868
4.901900712001079
3.678326655637817
3.8434117197153572
4.030060219174825
3.834153682464977
4.064929112717436
3.700328866728031
3.5931026800952894
4.525956928730888
4.135546677915354
3.752123467374817
3.9907016651202696
3.7946091884564197
4.00157261803889
4.201226127845412
3.620758168656726
4.184577530283264
3.8469935264716435
3.6907961693226556
4.216998298441187
3.8979212386034523
3.632958563382866
4.097667914748019
3.831656185490476
4.175696610587061
4.032997989550502
3.984365350365167
5.423574379576989
3.63746479616102
3.6728146523267737
4.460193884628165
4.135367106876496
4.740982355248919
3.693130408127841
3.634325110369911
4.161573074622208
4.133965278825623
4.334802831493209
5.530698140026216
3.513592331936095
3.802082590739077
4.175949454307805
5.111527132624961
3.782030250568959
4.532192731495907
4.449863389193951
3.6907655201303577
3.7727769619147593
4.1169544417821475
4.803420035064966
4.347745748176392
5.484952034094461
3.784399004324622
4.160482283106258
4.009353822467817
4.170380912166565
5.374610340750295
3.955351986773303
3.7809792169024896
3.608929212657958
5.851785965076541
3.844608609232059
4.108733523978569
4.108720862749207
4.784191118866817
4.1489170807804525
4.336964818541392
3.2591655884260513
3.8435188183485747
3.973354683492499
4.308487720809996
3.6649939023663953
3.616070903918284
3.1247461143782065
4.378930774578118
3.5051530130733446
4.078652739427112
3.6032400334380674
3.2338415045770983
4.967426103327431
4.006498540632906
3.6534384792927677
4.397648577305715
3.4779402941989694
4.168290563198579
5.764951401459686
4.140370997943271
4.712696357439168
3.6923020118430587
4.062757413770513
3.9717647245730103
3.8710214367489617
3.392740214489036
3.7426935604150273
3.715469356666481
4.531807624766329
3.504597155318489
3.7430753106752506
4.270356254470529
5.159619271693942
3.3628168298893883
3.530475060724171
3.519199874716484
4.210428811122268
4.23076719674654
4.642908131937521
3.2746354921367815
4.0172218299851465
3.913672218210708
3.4588910795199057
4.406693767833339
4.4515619974603835
3.5284134312585675
4.303629681273186
3.7286963265815967
3.7671026460128982
4.208550512075384
3.8668676148870533
3.9688288184598166
4.360547510345399
4.005435375804967
3.68516527505613
3.870272341388983
3.73203259557269
3.8930880168804296
3.6443115485499735
3.9156874185047554
4.121200382035275
4.222852600274274
3.4074336572666932
3.8798036819336943
3.981537610101957
3.743996735234847
4.507230160581343
3.760593120747004
4.290653133946682
4.259850905218317
4.4882245817816235
3.534896051962972
4.17315244108552
3.4577190119222148
4.036208829408625
3.3560312916357633
4.4906381421331885
4.442272666696281
3.9149860773307625
3.9969742904621204
3.9363840966146113
3.81588725579514
3.9691714453837044
4.206222685841434
4.335413609296861
3.7952932670548623
4.651795651268835
4.347207082469779
4.031985742898413
4.2358387966829145
3.545951542799192
3.5138114752298253
3.9157334168689797
4.0989822227141
3.7070743954225045
3.711415199729809
3.62205323331637
4.239587572920906
4.357958340097248
3.9526550972451973
3.5850774735242026
4.397643742482778
5.430164018104167
5.660422748672985
5.090334345885673
3.7436883753796337
3.6520508548081527
3.565663021667643
3.7393172380655018
3.860392756359032
3.563528356331455
4.46318984177992
3.649471875801173
3.798518957458487
3.9340147702584547
3.99039113813936
4.5453357469066145
4.082465809348847
4.526120808953572
5.530071144365272
4.944987019409075
4.244901077886506
3.8334775679268263
4.300881035480118
3.9967905771665353
4.311041655439996
5.233040370289936
4.386724893128415
5.268495712761614
5.395664044373941
4.859434774844164
4.03244098774642
3.683950226148495
3.837456840602596
3.3457544467167692
4.271655960828915
3.631058989276575
4.040501991967482
5.228190928304511
4.128082000220853
3.9842026365460947
4.074622639010845
4.285371455997806
3.91672647834393
3.687767766512672
4.214692206296539
5.078939415871178
3.8711937697007475
4.443220090463961
3.7782685328794376
4.317113577861842
4.583103700741661
3.309168133041796
3.9840002549760163
5.114278554295738
3.693485061699668
4.751598318884515
5.614106002742491
4.346465454292569
5.039535153277462
4.773998892432258
3.7043965630608686
5.1660964587700295
4.169215968514081
3.7393626817213406
3.6633693289897984
4.391844783421664
4.689172349357407
4.578083797245825
4.44586712192346
3.577289577119656
3.480094728178501
5.094211065899987
3.844002683113873
5.285356391581485
4.891889247627434
3.856458748906935
5.499393004497129
3.667288883347208
4.799339610869544
3.652634462606155
3.446537737434139
4.101344215566652
3.7232091829231284
4.754365696300628
5.049019669718379
4.233718178315742
4.111968913515014
4.8866898784435895
4.419347461250609
4.925471459971309
4.389314652410173
3.912106698798103
3.772641745224071
4.203177391949444
4.467641431566344
5.366678294469637
5.152985704329409
5.240623214912717
4.357763682833244
5.5019648892110595
3.744760845529551
3.703460235484519
4.459791081086807
3.766293929110816
4.72171398217553
3.9268853221862146
5.008715164386032
3.509430717696129
3.982643639021146
4.772472379316104
4.234166334990304
3.4811668871405694
4.978276047895994
4.83387190722833
4.23093277259371
3.8584936055114722
5.616549725420925
3.760720403600514
5.771764240746058
4.84393448578608
4.839345817232426
3.244612118788494
5.110221080939514
5.544774050457444
5.254274023526012
3.8888489201638756
3.4960603769627103
4.053177691309987
4.064941505491736
3.9076199566058807
5.310716760887633
4.744159346824141
3.6823291468319543
5.117635243106865
4.127357882170124
5.352158659391299
4.200604046861939
3.977649586970811
3.642847905635668
4.013275916732551
4.811867991213529
4.030909010290911
5.420245157688482
5.061196188413151
5.644559279867127
4.1587433940960405
4.296700026961792
3.7105200664925193
3.4972524710274486
4.5369837904911625
3.690659954586429
4.247483896726677
5.110900144510702
3.8679407663551038
4.830888702362908
5.052457136216771
3.683760235097578
3.8501187280362754
5.682948313585088
5.760285710171225
3.573990995329687
4.706690796301483
5.106671994627781
4.444538273585776
4.921647373808962
3.653375079232572
5.25922731432298
5.0991075287047885
4.360923076587621
3.922003123875488
3.942774569892579
3.4489388908384973
3.384839304754007
3.548376795035111
3.8520356082171623
4.832914078037064
4.897621347751931
3.9254478936046606
4.376477745063607
3.610984977399748
4.822519235823602
4.133414210471385
3.933918044685375
4.863884200644951
5.082605038386374
3.994846647824307
5.013410874088186
5.348773459386094
5.8272511399560045
4.914228288018006
3.8176608810016015
4.029345724914553
3.8317809830625698
3.9264574519254367
3.8693738095629637
4.688281990785182
3.7951960408514904
4.028883062676327
3.477344664840481
5.410362467233492
4.938795970930247
4.242469881115388
4.066474661288076
4.3623308369895115
4.097495815432398
3.578797058944577
3.9633273321951976
5.086909854870462
3.934037985103765
4.217491836517364
3.495076747516529
3.4010192854798587
4.340079987674173
4.70203221832476
4.328259531098004
3.8226043977152298
5.262624707759872
4.819834583277102
4.355969856688592
3.391071985676112
3.884445514824986
5.366901513332055
3.7578445003945733
3.9303618487636065
4.816491667469415
3.8053451781044245
4.201958743068081
5.168219070469959
4.532321114950994
3.9923586255906196
4.254531607978949
4.664510885219214
5.217586396708747
4.193826058967291
5.826444776228105
3.9582993166985805
3.364830955098854
3.6167280907654082
4.7709354611705495
3.632410912852105
5.054512921862285
4.133469737834682
3.5995306212069944
3.5456529408531905
5.092181210360551
4.850007456886465
3.845077963762063
4.210424379199241
3.8910013783872386
4.683763966398677
3.5597259722946526
3.628782779248443
3.5958611638004654
3.2406087159412023
4.688249021035001
4.104327911174135
5.048535356786305
3.375054633696883
4.0088394910778264
4.776484411943121
4.191211448713193
3.38463881673027
4.7643209532453366
4.092347923235738
4.629179570504719
3.832511578975608
3.2626906430926392
4.965650115327224
3.772264613045811
3.2451069871209817
4.872332702366249
4.580248822017256
3.443440203369579
5.418813306979838
4.257470530321173
3.40366728131225
4.840997439112355
5.222770758228802
4.032717436562835
3.5537613009609372
4.528847057438235
4.337863146924509
3.910683890622082
3.3951851182245902
4.134734457016334
3.8561018473619924
5.3195450725054
3.83122679713271
4.178636719770175
5.790505308445741
3.6639901218826316
3.706768652228185
3.769260923318156
5.927497810530496
3.8049614795212214
4.051465769672145
5.245048674051695
3.9420207586813154
3.809897542330343
4.0371620769180305
4.813309764159855
3.984361381577309
3.7615055049633064
4.181943830221444
3.344448049016231
3.7249358379801905
4.150914809737631
4.322922295471739
3.2716758750710566
3.7432364396580926
3.943909716018781
4.104403717358447
3.5448076986133596
5.052859223552388
3.462406060595568
3.8025307743568733
3.959796189290137
3.3489421947460123
4.5351885277871
4.083582772181001
4.490481862382447
3.5911671652403747
3.601209286078265
4.749240121580547
5.313072815662939
3.814831875590703
4.334666604536445
3.772314418634479
4.278170953572219
3.748283988736407
4.131083407606771
3.9721275807657666
4.220909753783782
4.447122600499412
4.53120185598028
4.078112160318745
3.955590584507732
3.980986807009722
4.707892900144415
5.151001612263505
4.0996712063692495
3.8959015116097864
3.566903063167178
3.672396523342211
3.658771951488343
3.965260354038271
5.05363805086234
4.078802463596689
3.935199076802297
3.5224197614793455
4.453128044130499
4.861425078147408
5.3769800729118495
4.0682034305125425
4.234506997522813
4.499822257020848
3.5098618342888934
3.7910128354217076
5.159605960892766
5.073811269442211
4.5355279241115465
3.954350972374904
5.149834432822985
3.359611091420057
4.206222685841434
4.991601630257092
4.088541453721799
3.527931071282729
5.759663635643678
4.065185245410151
4.449898041711119
3.5506288607541006
3.8136061841437883
4.578822715997377
4.25399769433325
5.298799292080415
4.287176519134205
4.013070570849256
3.366337466915215
5.323417580852731
4.748580471225384
4.074647542987532
3.7418357820530335
4.443042417725962
5.5571686781301795
3.725706067871187
3.664772284793119
5.59628406737926
3.9025798980060746
4.024699581330625
4.041583856297445
4.092657771957109
3.415221814387817
3.668267559767542
3.686228251253318
3.891171709625202
4.0013124304771965
3.865395338139952
4.470357617433501
3.6758590712390675
4.322772799384437
5.044091666277851
3.4399931888134865
3.6430005209490743
4.015983614786852
3.7200616414213985
3.733544403043586
4.054484158116773
3.838322192603169
3.7988616711002545
3.7281889297022017
4.2000615309014275
3.9003765813589304
4.6084913757844514
4.180820486020382
3.673813151700011
4.192819377534035
3.6888016282370386
3.8295761999498326
4.079081146181011
4.004292601668989
3.9427123889880042
4.393050633203336
3.659223805446389
4.176442151577703
3.978401259561839
3.52696052713952
3.9854094161275566
3.7869679073404696
3.800713393904036
4.477453224605844
3.545549227735059
4.025720327170291
4.372640823630626
3.73522485119798
4.114642159857962
3.944263610914172
4.0391107089952
3.69369311135469
3.673411662714688
3.967844587463198
4.0208157632061186
4.901798592448534
4.130255879677386
4.2579917182061084
3.749432898274136
3.90109552515085
4.378801346919294
4.312845162389403
3.642715207061039
3.832460171157672
4.031437146871302
3.769807984830293
3.7237013591509958
3.6393445904327093
3.5856141574389393
3.447149595089191
3.85030402963194
3.727591351615305
3.4312262173132817
4.1086195757234
4.362012108945614
3.740236813093821
3.445344349247666
3.7397297671270273
4.24280738078772
3.7217230461186617
3.655642163811153
4.432786216694538
3.6820173036403183
3.9853419124460236
3.901769062092753
4.015786054982135
3.6420253302861725
3.6822613503404713
3.8316341632333626
3.864248934916387
4.309866469562107
3.902355266521109
3.7354725139263083
4.731650364159641
3.762949249103477
4.260168489663767
3.5960357302110153
3.8165644622508377
3.524707317116155
5.412141327246479
3.481830502750211
5.2704185898204505
4.081149578213191
3.975708421544364
5.018423888701395
3.805790510261363
4.182525408841859
5.6876674307099915
4.183308390357055
4.857729254460003
4.462388203230546
4.386893278950479
4.058420969861151
4.044252207656174
4.707665727487354
3.9203387172651714
5.038728930240057
3.679764789434659
3.610010559280886
4.822036707754438
3.7143860027077875
4.956383822363204
4.24422996935666
3.697042181402769
3.977538838180793
5.510955089849234
3.749696508938808
4.2473485926410435
4.16031352122696
4.1429397057269925
4.8507661785178975
4.547278624266324
4.237005369345054
5.386037505672171
4.021745578342096
4.934178064617996
4.132833398253258
3.840260523273899
3.7788324919132985
3.791573417657926
4.1548901498980495
5.032782285612911
3.4762053742135084
4.215522819678903
4.028335310574581
4.395585074351321
5.227562322344562
3.672029053093868
4.155205225586092
4.439723538415263
4.296044739009912
4.2480161764456
3.6697752721367727
3.4567657980678406
5.178596859181005
4.328493716650309
3.8664452482354514
4.165399690927343
3.3420393458292184
3.8380238782655587
3.5954959222581873
3.4788689153495524
4.018303371858817
4.28133967399739
4.300945777976577
3.9966747665941935
3.9673605249611446
3.8700663909889372
3.6951774239440107
4.127741207137277
3.6207876661488942
3.6628862628029317
3.759677645238697
3.9107680063980164
3.8572843368219254
3.7682276235578285
4.2783265325767825
4.152108336810724
3.5139905139826073
4.043099440030727
3.962573493355259
3.4618457003443672
4.328765403641141
3.637401949283705
3.8209721699492
3.639616129686802
5.011237700543469
4.396899306608979
4.230977525047387
4.406392794666502
4.177153061331049
3.626059035867163
3.5893013694082048
5.324615163439063
4.080683269606663
3.604149096439821
4.102846041727996
4.361075223096254
3.8131226710161688
3.939834783028374
3.860731821020333
5.0873109746016
3.829862201557988
3.8350653447196423
3.6529413483737105
3.8183350722667644
3.9435636604552253
3.758497728457935
4.000620096114898
3.7975741096587496
4.138725955295552
3.59453307464677
3.921472512928605
3.9693014227960948
4.06915529422536
3.923453423703544
3.828363001551444
3.7658932463411996
3.954218063263535
4.16477082827921
4.9862877088007975
4.251099706355288
3.9924223823183596
3.9401297287713195
3.744599585285596
3.535295952881576
3.760907807926677
4.904064243241587
3.541785095105784
4.015596577105478
3.975076271775965
5.43462016081041
3.4739742873793116
3.879258091889926
3.626644229827698
4.084170673408271
3.457273714952968
4.348809296014751
4.104007871487098
3.5916701984756947
3.441153268106273
4.014174048565485
5.014095877034313
3.527738164217975
3.589278824152257
3.552779650388719
5.823119823792394
4.331765595168348
3.6062774471522583
3.6157571079005195
3.6574839436454876
3.1073101802472953
5.099049027356398
3.6543964216150244
4.818423724954736
4.738803096807824
4.947910868333618
3.6087240904887565
3.8756122256187657
3.6744273634605755
5.084478612140718
4.0372028240233755
3.7622909341956503
4.10185311469089
4.212486230435634
3.7705329082685903
3.882224941936473
5.380596492927205
4.871525688772839
3.765272888152569
3.7902333267635955
5.702140155753958
3.5479613414132243
3.9360316142059255
4.933344351135718
3.4911386174043733
3.823554433554749
3.518395048914487
4.5793783722828545
4.985541928407618
4.78996024332998
3.6607374921751736
3.9359386623318864
4.808073717386235
3.5326732533359473
3.5700419926189384
5.421839440357733
3.745486688540309
3.6150643345886646
3.6451351570552046
4.34384108491775
4.343463738592979
4.31567896958849
3.916201128257545
5.562702082536592
3.9619141195685867
3.9271513425948656
4.115467676602434
3.332361394593244
4.174533052387258
3.5873731639375728
4.748766507899574
3.9233264315482526
4.29112263277538
3.772083189522662
5.013813054966432
3.7928137557769297
4.363196870715204
4.3120919682975
4.689051416621046
4.4977528102521775
3.5467029849052323
4.224480441711675
3.5836321186612268
4.075619035586268
4.133200657592225
3.568908030132291
4.547573301197149
3.9023286170440055
4.899475021251473
4.151263748466627
3.68749579395011
5.047528792997059
4.345809064705837
3.7715319114029437
3.54432398665562
3.822885705274627
3.9782706855157133
3.9268352064337266
3.8934555878387913
4.040604029896429
5.028751888924928
3.944590339501029
3.7979094407483402
3.694921422877291
4.022805283150178
5.127225696629746
3.8494258581332597
4.218697266284171
4.273088834312048
3.6813971638516247
3.604054922192959
4.549378384311014
3.9463338065645286
3.9781084690945723
3.976475172877258
4.948706655515581
3.5956769176419194
4.458687473874878
3.655561983252043
4.2670216828706815
4.259705739527513
4.041538937196505
4.643770555940601
3.6933213669721043
3.5764899433573407
3.776955660429024
4.755739285616624
4.079975683344927
4.183667172541756
4.1720729779005294
3.8754432538221555
4.257760566963397
5.024241967493155
3.888769525268738
4.2023163167537945
4.107982426051182
3.589046946528584
4.402338522223005
3.7181908770468644
3.6656354012404515
4.54183655974048
4.496994321420421
4.202934488860122
3.598219241297482
4.3486343657353705
3.96497342476562
4.260672184947258
3.706792697618386
4.4959530802336545
3.4493225530505813
4.500804518807737
4.2290495528308725
3.6799611396103655
4.244369578481046
4.371790149701024
4.089586481462927
4.257176002298875
3.511513374476565
3.452463462147622
3.9760719987117525
5.39559126237951
4.389502504759867
3.693450957434824
3.964890891158789
3.62154821186057
3.483261621684697
3.888327241620655
4.264924302924778
4.178405374264992
3.6917226962496708
3.3854122585777886
4.224163694791501
3.6433655224677244
3.982659500534672
3.911104505690168
4.212007168836202
4.234453205057632
3.8639353795447127
4.137463073142072
4.275760925103634
4.003178523747856
3.9641875298552876
4.280212683768257
4.785622077031766
3.9479502242435727
3.473162870499649
3.9898020659195095
3.8784870022204343
4.074062380006131
3.402607588325313
3.7733214851038697
3.768376724621161
3.4301434142961513
4.039351360958457
3.76592515600345
3.410152706638203
4.169672305453514
4.699612516947978
4.01804907645142
4.314985296687602
3.802194626738554
3.6554283568027066
4.380676398339285
4.000392038419765
4.624464573711075
4.198196874442427
3.827106630844949
4.03638396506106
3.3348673723246023
3.6121425784918584
4.381400952954707
3.8549423734301955
4.5068238947296075
4.049345322095051
3.8913836982154115
3.305774195787783
3.8602549119331093
4.503966868819713
3.7972352330268335
3.5384201661642107
4.176852094534693
3.7020240816666514
3.597080249961107
3.804838422780329
4.028335310574581
4.188429045917748
4.411802011561127
5.4916465191884996
4.3869750710141595
3.8535608347198127
4.050686236882106
3.9645686499751718
3.694034227074131
4.03147371529531
3.4012506398602764
3.707885374431535
3.821041520392421
3.7730189528174543
4.325708551060664
4.5790585913442055
4.118802746417671
4.38553693773305
3.3841405636624526
3.6424763739876194
4.871656216964081
3.80847919808662
3.9581543917702056
4.6393109695348045
3.6247709597849784
4.133508180729378
4.619721823450401
3.750782975946229
3.792889280820781
5.832689307222328
3.6407954774038576
3.7757256708756572
4.1492570755206275
5.309715717820468
4.30007191870284
4.093926966389883
3.8717183557199313
4.349811870636595
3.7238157567678027
3.632612138736723
3.6288749580411332
4.516569033499392
4.217024973221892
3.638510357474546
4.836244752674443
4.8841420455031095
4.833317020888388
3.937876067164414
5.1707110244729755
4.102000340466028
4.864594025305618
3.536189808524162
5.2939253530055606
4.926666568133335
3.9684350674733175
5.089149170595914
5.246775528514257
4.92093896436379
4.59680292356666
3.5577091554976836
5.015403558178054
4.833474712468673
5.153105196777763
5.139558280663568
4.701048568883289
3.621046609206692
5.49652138902592
5.046739112606628
3.9617375388497886
5.013718788033757
5.099491070791134
5.470459518599562
3.599035098690041
5.23774106703261
4.303398178371551
5.17651930841702
3.3234157069611436
4.547020167171197
5.8212808564268395
4.465601471862245
4.914807947735932
3.845473493151212
4.7301116542856
5.035937710486459
4.844609161155924
5.462697288726768
3.7115116244544075
4.1884597462840505
3.8423189163123728
4.3769662152920255
3.4791836095660154
5.322355088903288
5.536033349064895
3.972526010114051
3.264893013537063
3.6318007739367446
4.245901378325735
4.371771037235467
5.633525107917215
5.03501221619839
4.102303238153061
3.7857600528492106
3.960149020407638
3.9840081911208407
3.6539257321325316
5.515514452716184
4.80863438389973
4.14146413181452
3.6871049036651664
4.872605723362683
4.657114149360637
4.283843164217915
3.862483982761734
3.9483788943354585
3.8770321706436937
4.5501391205036095
3.9989602703297145
4.742331353805188
4.400812830129725
3.7277407281768737
3.8176135143518404
3.9700696449467467
5.507601178075892
4.043091266720709
4.367470208393841
4.191149967728145
3.8821759596253704
3.6762644741425348
5.349367169863806
3.8862608050194942
5.2130440788942085
4.148658894154228
3.892875842564315
3.7073492638131196
3.8336502484205357
5.272141346109489
4.606410972470936
3.6723594358521434
5.156579537661079
4.292163261013959
4.109636893032316
3.6271243613994173
4.61112641748908
3.908101004870471
4.0856098691991996
3.9632134527317437
3.832221510067725
4.289015295700798
4.2711724688765
4.046367323156045
4.365382516643021
4.1373175701533915
3.700975947357318
4.424778761061947
3.8340875303012734
4.249695084377696
4.052184025885352
4.636654375668693
4.010636207221552
4.5053467202202215
4.476000246180013
4.865132447149458
4.0770812990396434
3.8215927634319433
4.485114465727559
3.972561517597951
4.880572393530313
3.9438902730848224
3.9285244265827535
4.680300381678497
3.702099460604108
4.5552483293626755
3.637349027281936
4.251126814301216
3.5493119215176145
4.08603973877948
4.101806845915626
5.906055330879368
3.963492272676378
4.3630874079115864
3.7105200664925193
3.9064712649739928
4.199907182051277
4.7982687846225085
4.129548051937325
4.131228472426632
3.74125831611575
5.195722880924423
4.421941674589312
4.027641705021563
3.9506758124811725
3.994044879085284
4.045708413657502
3.948121681110212
4.685678808431879
4.004673453920725
3.968710684959777
3.8996541006812695
4.379443766847173
4.00167269918826
3.8241393057466295
5.65311097763488
4.668931876782219
5.385102114998856
4.9804331233665735
3.354075495208284
4.382481032074283
3.828018607998454
3.6576210649712375
3.817340268168154
4.048845269329187
3.54040576590483
3.703693415666438
3.6355109437968185
4.408170102467914
4.194164658710336
4.263701404463243
3.4583109263604563
4.135234576350387
3.828879708086211
4.348043489130979
3.6928030960461156
4.614025252560207
4.134982364300217
3.8196039261708754
3.8255839753938434
3.986525543662421
3.5099049517739056
4.0154877361985175
4.206050192899977
3.853943258393407
4.100078824015392
4.259320191200883
3.959890271440578
4.3855609790326335
4.006936006226779
3.616495922852909
3.327820244461675
4.2015350308235115
3.957547389156518
3.9555201756250957
3.6561600813129997
3.9413371380374507
3.4727346917513873
3.921268765721837
3.517247261603179
4.121336260855857
3.692448573422494
3.8787653114260667
4.273435788956373
3.7736311860428473
3.9825841594706346
4.403899212362626
4.477232712005364
3.598756629584479
4.357711460672199
3.8499853219309603
4.360129234230502
4.138353431936501
3.802017540607923
3.7243184962691642
4.392384922260277
4.151112965274902
3.7310300441194304
4.15043242317809
4.315595158333792
4.371771037235467
3.6426886685062247
4.302875073552271
4.12470637246511
4.169515835821144
5.386015748710049
3.5375283112812665
4.4703476254072205
5.2579621978807785
4.843394880773781
4.800180486786303
4.719897672618457
4.233659924916041
4.61770056982425
5.286075815542384
3.849781524898462
4.8731043624030255
4.160707320244441
4.186390671884305
4.064846496153131
3.9836074553213527
3.8619395239580245
4.167157175792568
3.3402922755741127
4.025902657699639
4.294780874911286
3.7359260660231537
3.997233914131421
3.654025868676137
4.193636994588111
4.18842027446718
4.119341440883846
3.0932100173606414
3.488054720602457
4.107763056011403
4.154799520536136
3.309250264533193
3.8919857203043926
4.426188874331645
4.070074472187655
4.4617809421719725
4.466598774365297
3.990168225492387
3.877156183482539
4.143386016486533
3.354533988138368
4.391767631574614
3.659622198902296
3.5155285289534537
3.792648330476205
3.8385947672276135
4.168286219541551
4.132333859517178
3.9892927382904286
4.016185226462644
4.151272364979866
3.964124671720926
4.121106970543358
4.129560841852273
4.392698456625397
4.06445824328018
4.139218474159894
3.9104239192810293
4.395010344755598
4.151341298373505
3.6916307040308918
3.609277648194684
4.029958713072984
3.6027434891670005
4.007959808179043
3.81769367398614
4.226824059505229
4.042388485660638
4.425669769798787
4.62841359966768
4.03724357195125
4.22031745227876
4.048136389811245
4.876627422007488
4.161685649155334
3.7141204359263154
3.972380041570957
3.6811938848007184
3.7716528231292843
3.699750451832024
4.166927099610392
4.257556630825136
3.989829923524935
3.830628749826425
4.11731040814898
3.855038969625184
4.078503026249246
4.396188943804615
4.225176559565483
3.56084142682916
3.885464283840937
3.661652338926202
3.748723091197061
3.5875983898858426
4.30308337439192
4.000460052906084
4.219765381044814
4.101205446810954
4.5050371947133385
3.9665618833235823
3.4858904227775054
4.023311064306593
4.035781236442297
3.498004825497657
3.918591266439715
3.7213560249219215
4.092775024249692
4.3426149490177
3.489570111134084
4.17782057722858
4.064536713944003
4.180903514153926
3.9622437790296265
3.6105775479845756
4.317910476762085
3.8942023115984927
3.530512453882681
3.749689478840033
5.371845887113344
4.58082056238734
3.363778330371807
4.779263730525994
3.8761380098938427
3.453485862292251
4.704415682169676
3.4333202008835646
4.0195228223481445
3.7509201475987077
3.96823428455216
4.702292014685258
3.4221290262417408
4.543250036629954
4.246424245383872
3.852224804282903
4.302273428836633
4.010266281681103
3.3910461122927966
4.374362299995954
3.541712967185144
3.7369312507415473
3.559814676047965
5.491827474239897
3.9181959058770977
4.237570939586011
4.675956233049658
3.9638732591164128
4.166545142433345
5.046726377850928
3.588988981803826
3.6902786068091173
3.9726325344700357
3.7287901753836463
3.378386938480418
3.468170002757195
3.6301988985976545
3.721491052605137
4.003442960946414
3.778140059430143
3.5299204885409954
3.452451542684816
3.4162485320807088
3.8761793275604104
3.2336506622516556
5.063130913578684
4.120516877637131
3.949092251782275
4.158769336977802
4.178366091723492
4.084153993026307
3.584977867242892
3.5602392480774707
3.847234031093345
3.9644193364553133
4.871199398893994
4.940461266166116
4.670545554749887
3.899745346628865
5.758088314679527
3.4538765014648756
3.8133844072618284
3.7556534320569437
5.182488371791716
4.009767794347029
3.6254247411673326
3.935334582146174
3.5856848702923316
3.981585168595247
3.886385408954621
3.9628443711758554
3.871242475272439
3.91920173699021
4.037977175334016
4.36921147748163
3.8902672321818463
4.92191383697637
3.7210548446273553
3.755085794322686
5.774864038044804
4.253726264207446
4.394020616744734
5.645085036149713
4.856372775174223
4.974196356401169
3.8300528930304525
4.400106042555626
3.713337752205258
3.923464968852593
3.7404571586739332
4.105844567095145
4.067012159349603
4.0116900648489695
4.093424220995787
3.6560297527701278
3.8926371741011176
3.521117461837689
3.4885688320794834
3.25245824860002
4.257805888758434
5.265423412441932
3.893493485698712
3.987201084518695
3.928061482018317
5.092557227611845
3.9383801048790623
3.4508372162441265
4.395976362835097
4.298288314136103
4.070670917803995
3.735259731285415
4.959351911892154
4.209157232016112
3.7437514448540727
5.266747599021438
3.8326327600034107
4.663651615896989
3.8191261839291175
3.733976573030981
4.410663661534492
4.275166838385868
4.474047726904127
4.766580550444722
4.508205497531194
4.094362778966849
4.07178972463504
3.722776036862928
3.9660309449564477
5.017164975673021
4.897105688110685
4.195444795812946
3.5818639482707204
4.448294690626665
3.6449890058019117
5.013894755842127
3.788133482459521
3.831256153955197
5.893177321285715
3.892955405222594
5.210993111067108
4.05079699430863
4.125906152138663
4.061771419751582
4.099940140873943
4.350081509652287
4.752942071142036
4.169055187868049
5.845884935446816
4.1860533261333215
4.2839303347248965
3.6977974993644414
4.1434461041248
4.402130190799328
4.112687641373638
4.511709012815509
3.863711442574623
4.130102354261594
4.064718447114965
5.819798664065217
4.11021542666605
5.596291896989055
4.007100582231715
3.881595801665981
4.55255238849661
4.414762524405359
4.143746568459873
4.932425766992207
3.792533260516695
4.164757819332806
5.289298163026748
4.622273580817565
4.099553558617466
4.070907059156386
3.7130482083614136
4.147351242287223
5.030718826836369
4.097013174970117
3.612713500078125
4.2001409147276885
3.710588907565519
5.516320724403237
4.233597192278342
4.276387179818873
3.722602806656386
4.711452953197604
4.6196844755503195
3.799413750458304
3.9407275174106267
4.02173749113961
3.4850491391928626
3.916331493962975
4.17776821533053
4.081128758592051
4.970815101833361
3.4866470135996668
3.9328930459568383
4.697388369501266
4.172329735046631
3.5977208438454236
4.308942563950094
4.296164706362513
3.705992497218189
3.6501046211237034
4.5266278885544216
4.1200330426650025
3.914384580456261
4.398204652860702
5.190874960906223
3.9460379312896148
3.6153126567576974
4.065098487173598
4.9327481449784
4.531766550577913
3.857719586220997
4.150669295423887
3.7168123502240773
3.7694278668148047
3.5885543060408827
4.257710714103241
4.310855812650207
4.0160924825776885
4.224065557497452
3.8135589180552
4.748856712746407
4.280208103718003
4.241664598855175
3.7434045890396854
4.2130497108268
3.5107952565645286
4.0161731291912535
4.154544916343045
4.792370546090624
3.93423919190727
4.136350663263829
3.7104133678772815
5.569680885133686
3.639705547821181
3.722204438356572
4.029999314900116
5.896669708365457
3.9825841594706346
3.7518771110171056
4.05549539904047
4.048009391381788
3.8828165951581273
4.955714496332152
4.15304381772706
4.029000747379639
5.166683673667093
4.221760643058581
4.140306713921367
4.503616967376924
4.303064857945071
4.157044839964167
3.927818479796775
4.264856093093279
4.979844081081821
5.41925379584858
3.8483851694780724
3.9618317132743153
3.871729598404847
4.42415233241311
4.277077643929009
3.966416352741339
4.33166239456463
4.111660360407589
3.9816763255498198
3.472183039601116
3.9000609384521634
4.622257556813323
3.971358562050492
4.394788220649132
3.4456797206242884
3.90200885170708
3.9973537518162976
3.872854196721629
4.8762647811776185
3.854010097506455
3.7194217043134135
4.531479052105212
3.845225815692559
3.9183763032274683
3.7397017961787724
5.750108892687155
4.003803613432761
5.128750879901323
4.271131422713877
4.220446586555556
4.304810733615083
5.569269882641561
3.7879756395286623
4.05684450520696
3.8839476443857532
5.667657089743099
4.393262931294859
3.8560721085484295
4.137681346815278
4.122619058661777
3.8872465272311336
4.722594782477285
4.375166119588603
5.177819257863166
4.180344230445656
3.8307975050015846
3.5702204343351673
3.5483232841860994
5.2338551923114665
3.965177808485877
3.9366901490234056
3.600697094957584
3.9392217476554245
4.2700189161837985
3.944411409998886
5.127790960473705
5.15901369976088
3.85412892832091
3.6844863779932995
3.9042597425921555
3.819848313823458
3.846934329945787
3.3800312821895164
5.751696390954307
3.5676761406306583
3.7965324370985756
4.10533046370734
4.425895026621759
4.030267307479169
4.557682600704846
3.757025637942953
4.323609175995754
4.941706395927046
4.28830258263023
3.5190141130061003
4.764774971590029
3.829092294526121
3.8905775075987843
3.7483261381089505
4.227766703377775
4.099524147734552
4.3765878807905
3.7733677590251884
4.190012894764684
3.9006656485929327
4.384868695106925
3.9706647289822787
3.721813081242528
3.493928861861408
3.7362226788716613
4.7170979470010455
4.10972556280123
4.645312937312664
5.258611963079285
3.923434181939452
5.103765941293932
3.8030224520938014
3.7893787503007816
5.037472498548579
4.03724357195125
4.194415345687983
4.022607051630161
3.765538730919309
3.969238402381543
3.711277458814098
5.683182468518721
4.2253506248765405
3.836665477300368
4.347084247579489
4.522548863313875
5.417125429476475
4.757730419857816
3.735999342464116
4.225114078080108
4.0273781164355285
3.7478765936674003
4.435017568213342
5.089142695744332
4.229103208091966
4.201883704464712
4.085956261881194
3.9261876717707107
3.8977465178507047
3.796777485109513
3.6920566324566857
5.1905112264269695
3.753979217971049
4.154346433026223
4.199990970019415
5.152368414951143
5.225930019571108
5.292832578443087
4.870137776197689
5.602264435284742
5.3356881503703635
5.37444424887439
4.844268866610635
3.688934303768984
3.6447698008953378
4.3180503139222575
4.355054530726543
4.091682325875902
3.770205947499882
4.121145183823681
3.745686607765745
3.70227078778769
4.124833975432489
4.314352340212568
4.391295135652595
3.984909149052538
3.751370422507472
3.7207814013020877
3.8801536928877756
3.7219273628655865
3.251408672807494
4.3317233761452
4.378068068013287
3.8504448707742576
4.01807329367495
3.9719776973452294
3.778008026378052
3.997801209334866
3.786673937080626
4.063038035114806
4.216180435657924
4.276615785630358
3.8016345127587603
4.101798433523178
3.7341578353833857
4.056433097248927
3.650874201827628
4.291573816678987
3.5663560667728844
3.914311800377927
3.8657240742798886
3.638460712810838
4.152181608119176
3.8902180467215186
4.164935615301557
3.7763423480919083
4.0826616504363855
4.062398440038999
3.699090116308641
3.598873192803333
3.4951622585388997
3.9650245187203677
