4.026797276189548
4.000513750186866
4.07904764971715
4.099802130602433
4.047341109908743
4.01958170963388
3.9803162885017045
4.0072383378819
3.856325490108525
4.05201939850971
3.918616522124715
3.916774721548239
4.002595367101194
4.021785376365026
4.012205551625471
4.011705735050062
4.013154698664887
3.9782494446154395
4.037682200409294
3.8421483675924897
3.9867806746052565
3.9141604022932857
3.928217002977175
3.9138298266791356
3.90389032944725
3.8865694478821267
3.927469965190214
3.8772107753809357
4.054855796523068
4.065693040175467
4.038772213247173
4.010994346609021
3.9915379395681154
4.0104525056885105
3.855691609609195
3.834054068234055
3.960329999708186
3.775534536205389
3.9596284618093835
3.940780440454808
3.930167135528711
3.9200637113512666
3.931907637420172
4.186746523347723
3.8777488647379967
3.8694488682880337
3.843656247660933
4.121779046610813
4.035735374707409
4.019445654979247
3.9802329064708113
3.971032363913766
3.86946462902017
4.041951198757632
3.7485030648944795
3.976942108281668
3.9305167388295748
3.915136329168178
3.8829237189417194
3.792104837727851
