4.456871557653153
4.654706520753866
4.337335095661067
4.305197733200099
4.277593290932628
4.110534434379645
4.280195086786588
4.298370238989385
4.174613079282494
4.062415811777585
4.03526395935852
4.2859785340148795
4.034381423159897
3.9325912464658423
4.018952534055335
4.044592698871559
3.9945757865635088
4.029179743828993
3.9920998445182168
3.9233501280251097
4.005329195898543
4.091855699631949
4.055401047147239
4.013324236465064
4.104806512383553
4.0961870965794684
3.985066487688242
3.9935514653181072
3.9959955917859156
3.9566847147022077
3.996869819846352
3.9449206032821738
3.984941117251649
4.008684075608001
3.9369181390395163
4.007027060086425
4.0082866051500154
4.067808222110893
4.0606533377501846
4.059351999230859
4.06623250717476
3.9437414898209955
3.93404063242809
4.011206042987462
4.139190069429468
3.9689502753198136
3.9638000742690958
4.0341244463695
3.945387530498884
3.9991244022361423
4.047901589120944
3.900059937763254
4.013442921448473
4.041710451863229
4.077279467464383
4.050714951188885
3.8934346446011383
4.013782060084204
4.017465402222292
3.989635347329254
3.9385584875935407
3.8636576229964903
3.97711692514438
3.9659429864385625
3.9601236392285677
3.8699375106932483
4.00494927415564
4.033602027840346
3.9656698225049674
3.97967433696531
4.0682437177752275
3.836841350648931
3.9974500476538126
4.037845235767658
3.950785686511394
3.953770023764239
4.030615708370104
3.971073861973833
4.022091868812065
3.9696634143283958
3.893019815470861
4.018510528497584
3.948995604144367
3.86467141139834
3.997189344755477
3.9441344493157966
4.005438964488621
3.926366168775883
3.8681884255658754
3.935336212342457
3.946903757867841
3.9509171326322883
3.883669781778639
3.9218600350077613
3.8898556658818713
3.7557423323555224
3.7933691906547353
3.8369265814195823
3.6902017375023553
