4.428553447978482
4.5914126085023295
4.160161852191639
4.251415273768768
4.130776020627791
4.192224526719915
4.150374625920182
4.1516987002997965
4.25987000670369
4.377154020531156
4.282182290246316
4.036807182967223
4.316886752156171
3.9934759214420232
4.007162275308921
4.002452028505885
3.9784243764343263
3.9551527313452097
4.179737512484216
4.099598670866958
3.9584405410979877
3.9866802913214165
4.0703353956366
4.030230974658331
4.069524615269285
3.9037218906341495
3.96572776322518
4.0270874619811154
3.9856516540454368
4.065153716299341
3.9660506068057426
4.003801504165008
4.01089274028414
3.960965725138165
3.962617913952795
3.9055835455709653
4.028282785451538
3.8779071547387005
4.1190983077009795
4.128738409653425
4.054899065025642
4.092948711044284
3.9556714960557793
4.023599469731944
3.9104949451707443
3.8753286380667413
3.922013850901547
3.9132816780151836
4.016030302005479
3.926155219513405
3.8626208085481832
3.9364532142176403
3.9642466679463535
3.887865766318805
4.054120373235124
3.7983363286880345
3.969754648269291
3.8753523511150814
3.9451171907443396
4.008498015793482
4.008743280080344
3.9415734346248557
3.9202820952463484
3.9348553630007617
3.9303622552832342
3.839578373877934
3.974454715272156
3.9518868179615336
3.783195047598567
4.003961814848377
3.931020927514043
3.9477238255521616
3.864105510417832
3.8149852621095666
4.050041459634942
4.061217510259918
4.007221434838361
4.05982905982906
4.057514195960851
3.9408785255306706
4.0390383687386935
3.9625683282341333
3.9050296782255542
3.918883242030229
3.87954621560476
3.7939448639970608
3.8049692898926
3.9562892505538807
3.7947404896813017
3.9819012111266896
3.9585477546700445
3.909754632030356
3.996836188617011
3.872208952547098
3.916451777141526
3.923398737078596
3.913757268774191
3.9263580549235497
3.8419852144232167
3.8987714765878776
3.800258417572395
3.90697291850877
3.8250849068189186
3.9005963806571478
3.8760164343096815
3.92170623117839
3.8987874770946234
3.81037183212705
3.780515224532758
3.891345442927275
3.7460937114916355
3.895765712750841
3.879871024918982
3.825315940896856
3.893107560414882
3.811350200898275
3.6530593410650014
3.7081129608306176
3.7093291580603722
