4.133894672715207
4.053817629412793
3.961180431768667
4.175769110737002
4.050499064121532
3.9646106335030464
3.865756518377603
3.9153622328280457
4.084598483969026
3.836066699104985
3.8090732123919175
3.8189112485025847
3.787750415157381
3.819325788489758
3.9468791611012204
3.84113859434544
3.787652253653091
3.782178375494669
3.912894841980831
3.7998556054869916
3.766605277608721
3.7463300753406696
3.769078480148859
3.8141504983488743
3.805906767302854
3.766142380003766
3.8077525842615567
3.7824193150237693
3.7431932985019345
3.823483837731346
3.7760597809885326
3.743606314478693
3.751656158738496
3.7835943349635976
3.792051859302901
3.8500974682569593
3.856176783380284
3.7594431275400972
3.83341201915899
3.74533311781241
4.084308730747321
3.8198248911852515
3.770275150711788
3.8432908278853
3.7233000195963157
3.7715100133590855
3.7653586999603643
3.8624166531143276
3.795635019727314
3.7850716773047104
3.8880248833592534
3.7326041003638304
3.7691981130203973
3.706015448232816
3.96144471803896
3.7976910038696476
3.7493611285971666
3.717959505550522
3.72954150194525
3.693207220025736
3.7273465608361813
3.736075744019821
3.761348384005955
3.7595398323245237
3.749427718927111
3.793520666701274
3.73476119150676
3.846512023386793
3.7175521288855755
3.769295320320668
3.674742719657746
3.809386327911975
3.751611712136859
3.7308450560412196
3.79503609279063
3.8362913158479213
3.7001694288106877
3.671100325375418
3.7401574803149606
3.68912697780893
3.691922656163471
3.6576444769568397
3.6291331528953794
3.6787342056451147
3.727858482643876
3.7316584079174007
3.7599564636619998
3.7655825752621044
3.7679423465158433
3.6621776079041357
3.815460244912385
3.6736272235112137
3.7545326100917884
3.811120850642174
3.8640112096998886
3.751270989841953
3.7317097122655407
3.8751468476700173
3.776870445392417
3.7785454191102916
3.696706623525452
3.7706567491778973
3.7126560536810986
3.7677256619794837
3.7458130681560546
3.6581233442178545
3.71038673946836
3.793467648708923
3.7795375835228078
3.739943979575969
3.668491902286822
3.726703201434192
3.8285302071033342
3.7344602230848607
3.6810291382517053
3.7443293117922725
3.683198411959927
3.7977137763066633
3.804405501570819
3.772625826999293
3.7581343829736733
3.776480082048999
3.747638001838315
3.6946866516804993
3.811831926299233
3.801938988884331
3.7713303467043535
3.743370294189501
3.7348492890026384
3.762458192158641
3.7969093158169254
3.812137846904544
3.802448777012396
3.7279023681990306
3.7686972010480946
3.7369060777827166
3.812206685807957
3.8004712584360463
3.7270248533709958
3.794945133082734
3.772775650903083
3.7884981197085645
3.782780781880878
3.741262183715664
3.7902665953830565
3.7931041366795166
3.7470689046528736
3.7749569356886417
3.660970966573408
3.798328735356443
3.6797387772809054
3.765963224378071
3.7742670472717017
3.7124094123255897
3.8019009504752375
3.683384060640133
3.7781096327876287
3.741976906094105
3.710154889203059
3.596312076605233
3.711321679783259
3.7296220322514158
3.7466772888254365
3.6947513140674744
3.7228622932831725
3.6528767365583747
3.6351808980810074
3.6749061931840163
3.710865022167536
3.7070132789117767
3.664430721044247
3.6997011030950926
3.685405986263134
3.656377492109922
3.5695900983328137
3.5199134471809193
3.761125011877237
3.971945521631424
3.7888456384404314
3.8323140722572733
