4.6759447254112985
4.355989829910061
4.277516248933435
4.096628690200002
4.062989162511013
4.072953019558749
4.005920328569802
4.142601422874573
4.025432257271731
3.925838838117002
4.036335517203287
4.09217296538237
3.9971052543000436
4.016590633310643
4.002814610694678
4.012824141150033
3.922613038352833
3.9430621820906118
4.134641330745193
4.00835425412966
4.058927076034386
3.9827191910468476
4.314543873234159
4.035932544697952
3.850948042603646
4.304378459077821
3.9408785255306706
3.9972482101795186
3.9515087484323947
3.828013402076395
3.933853292117593
3.92506837882281
3.961213465623964
4.052762704344562
3.945821790073974
3.8931713774040335
3.9189802400891054
3.937244467653464
4.008311973249792
3.916540581544436
3.897028208331026
3.9108732568311635
4.018672019255784
3.8671727913863814
3.9737232322683056
3.991932095134045
3.8340695419497655
4.1566214980463885
3.857977688705872
4.053869525142526
4.322760014014843
4.048513982288817
3.8063032381623967
3.912564480092254
3.912274452230099
3.96236999776856
3.826147894712465
3.9632791754710563
3.994668169222553
3.810005073322545
3.892780531180148
3.955029235992431
3.9207998431680062
4.053047998754221
3.952338952588574
4.0554270151203395
4.1530054644808745
3.9368528798078812
3.97527795561916
3.865056633250879
3.9396936577152677
3.805388430016904
3.9266339447171275
3.904122959325203
4.008303517180854
3.93776670597525
3.839787882033632
3.830683777054204
3.9913870069849273
3.877456062300515
3.9955754259493697
4.118392959715614
4.110925758844441
3.921503876096989
3.8672908609810706
3.9583333333333335
3.9511307512347282
3.9599915798073777
3.9076559206128847
3.940633321995371
3.7706717153976372
4.133561912055207
3.955951520855152
3.9475351798102274
3.9389095854401317
4.137756813143258
4.065832243761622
4.056171571787832
3.881265946385418
4.042355374098714
4.048953984703478
4.099421765771986
4.046944556859571
3.81580506457748
4.050982683115078
3.8353930066655093
4.007914576574372
4.009073165585272
3.889584919874551
4.019216083633541
4.005008368359591
3.8736220608892613
3.989325405074002
3.9856516540454368
3.8531112859657517
3.8787146347986026
3.8523612947178045
3.963022910444025
4.014714986931046
4.024622215067338
4.020143032457366
4.008058306700841
3.999301174742098
4.0150458560500395
3.9883372621953908
3.997340716491766
3.9929052378510606
3.9222324521384424
3.792089700883956
3.9058404649183576
3.9414180807368377
3.897971618663488
3.93376370088489
3.8712700822135515
3.878983869551814
3.7616015711615827
3.8740801608354962
3.880069106072921
3.900604388385232
3.8658430386340146
3.8892505209548722
3.8222839152257664
3.8672200183591183
3.863696907212302
3.839058582013404
3.8343094005158154
3.821776482396696
3.7380971118281265
